nodeid,event,name,time,server
0,sent,prefix/seq=1,0.025000000
0,sent,prefix/seq=2,0.050000000
0,sent,prefix/seq=3,0.075000000
0,sent,prefix/seq=4,0.100000000
0,sent,prefix/seq=5,0.125000000
0,sent,prefix/seq=6,0.150000000
0,sent,prefix/seq=7,0.175000000
0,sent,prefix/seq=8,0.200000000
0,sent,prefix/seq=9,0.225000000
0,sent,prefix/seq=10,0.250000000
0,sent,prefix/seq=11,0.275000000
0,received,prefix/seq=0,0.295410498
0,sent,prefix/seq=12,0.300000000
0,sent,prefix/seq=13,0.325000000
0,received,prefix/seq=2,0.345257202
0,sent,prefix/seq=14,0.350000000
0,sent,prefix/seq=15,0.375000000
0,sent,prefix/seq=16,0.400000000
0,sent,prefix/seq=17,0.425000000
0,received,prefix/seq=4,0.437461080
0,sent,prefix/seq=18,0.450000000
0,sent,prefix/seq=19,0.475000000
0,received,prefix/seq=6,0.486753187
0,sent,prefix/seq=20,0.500000000
0,sent,prefix/seq=21,0.525000000
0,sent,prefix/seq=22,0.550000000
0,sent,prefix/seq=23,0.575000000
0,received,prefix/seq=8,0.579094200
0,sent,prefix/seq=24,0.600000000
0,received,prefix/seq=11,0.612065940
0,sent,prefix/seq=25,0.625000000
0,received,prefix/seq=10,0.628904784
0,sent,prefix/seq=26,0.650000000
0,received,prefix/seq=1,0.667539619
0,sent,prefix/seq=27,0.675000000
0,sent,prefix/seq=28,0.700000000
0,received,prefix/seq=13,0.703675173
0,sent,prefix/seq=29,0.725000000
0,sent,prefix/seq=30,0.750000000
0,received,prefix/seq=14,0.770100813
0,sent,prefix/seq=31,0.775000000
0,sent,prefix/seq=32,0.800000000
0,received,prefix/seq=17,0.804114667
0,received,prefix/seq=16,0.820448509
0,sent,prefix/seq=33,0.825000000
0,received,prefix/seq=3,0.829048509
0,sent,prefix/seq=34,0.850000000
0,sent,prefix/seq=35,0.875000000
0,received,prefix/seq=19,0.895399576
0,sent,prefix/seq=36,0.900000000
0,received,prefix/seq=20,0.920732855
0,sent,prefix/seq=37,0.925000000
0,sent,prefix/seq=38,0.950000000
0,received,prefix/seq=22,0.970686853
0,sent,prefix/seq=39,0.975000000
0,received,prefix/seq=5,0.989493822
0,received,prefix/seq=23,0.998101822
0,sent,prefix/seq=40,1.000000000
0,sent,prefix/seq=41,1.025000000
0,received,prefix/seq=25,1.045376778
0,sent,prefix/seq=42,1.050000000
0,received,prefix/seq=24,1.062052884
0,sent,prefix/seq=43,1.075000000
0,sent,prefix/seq=44,1.100000000
0,sent,prefix/seq=45,1.125000000
0,received,prefix/seq=27,1.137468381
0,sent,prefix/seq=46,1.150000000
0,received,prefix/seq=7,1.150872166
0,sent,prefix/seq=47,1.175000000
0,received,prefix/seq=29,1.187143259
0,sent,prefix/seq=48,1.200000000
0,received,prefix/seq=30,1.211954788
0,sent,prefix/seq=49,1.225000000
0,sent,prefix/seq=50,1.250000000
0,received,prefix/seq=32,1.262211737
0,sent,prefix/seq=51,1.275000000
0,sent,prefix/seq=52,1.300000000
0,received,prefix/seq=9,1.311960000
0,sent,prefix/seq=53,1.325000000
0,received,prefix/seq=33,1.328919375
0,received,prefix/seq=35,1.337527375
0,sent,prefix/seq=54,1.350000000
0,received,prefix/seq=36,1.361805321
0,sent,prefix/seq=55,1.375000000
0,sent,prefix/seq=56,1.400000000
0,received,prefix/seq=38,1.412370061
0,sent,prefix/seq=57,1.425000000
0,received,prefix/seq=37,1.428456540
0,sent,prefix/seq=58,1.450000000
0,received,prefix/seq=40,1.461950609
0,sent,prefix/seq=59,1.475000000
0,sent,prefix/seq=60,1.500000000
0,sent,prefix/seq=61,1.525000000
0,received,prefix/seq=41,1.528957808
0,sent,prefix/seq=62,1.550000000
0,received,prefix/seq=42,1.553655901
0,sent,prefix/seq=63,1.575000000
0,sent,prefix/seq=64,1.600000000
0,received,prefix/seq=44,1.603425086
0,sent,prefix/seq=65,1.625000000
0,sent,prefix/seq=66,1.650000000
0,received,prefix/seq=46,1.653543435
0,sent,prefix/seq=67,1.675000000
0,received,prefix/seq=47,1.678693062
0,sent,prefix/seq=68,1.700000000
0,received,prefix/seq=48,1.703923203
0,sent,prefix/seq=69,1.725000000
0,received,prefix/seq=26,1.736822529
0,sent,prefix/seq=70,1.750000000
0,received,prefix/seq=50,1.753869374
0,sent,prefix/seq=71,1.775000000
0,sent,prefix/seq=72,1.800000000
0,received,prefix/seq=51,1.820628235
0,sent,prefix/seq=73,1.825000000
0,received,prefix/seq=53,1.829236235
0,sent,prefix/seq=74,1.850000000
0,received,prefix/seq=54,1.853869569
0,received,prefix/seq=31,1.862469569
0,sent,prefix/seq=75,1.875000000
0,received,prefix/seq=55,1.878476925
0,sent,prefix/seq=76,1.900000000
0,sent,prefix/seq=77,1.925000000
0,received,prefix/seq=57,1.928683088
0,received,prefix/seq=56,1.945770738
0,sent,prefix/seq=78,1.950000000
0,sent,prefix/seq=79,1.975000000
0,received,prefix/seq=58,1.995581522
0,sent,prefix/seq=80,2.000000000
0,sent,prefix/seq=81,2.025000000
0,received,prefix/seq=61,2.028986533
0,received,prefix/seq=60,2.045283623
0,sent,prefix/seq=82,2.050000000
0,received,prefix/seq=39,2.061965190
0,sent,prefix/seq=83,2.075000000
0,received,prefix/seq=62,2.095688051
0,sent,prefix/seq=84,2.100000000
0,received,prefix/seq=63,2.120212004
0,sent,prefix/seq=85,2.125000000
0,sent,prefix/seq=86,2.150000000
0,received,prefix/seq=43,2.161939797
0,received,prefix/seq=65,2.170547797
0,sent,prefix/seq=87,2.175000000
0,received,prefix/seq=66,2.195102839
0,sent,prefix/seq=88,2.200000000
0,received,prefix/seq=67,2.220456843
0,sent,prefix/seq=89,2.225000000
0,sent,prefix/seq=90,2.250000000
0,sent,prefix/seq=91,2.275000000
0,received,prefix/seq=68,2.287394862
0,received,prefix/seq=70,2.296002862
0,sent,prefix/seq=92,2.300000000
0,sent,prefix/seq=93,2.325000000
0,received,prefix/seq=72,2.345793517
0,sent,prefix/seq=94,2.350000000
0,received,prefix/seq=73,2.370665421
0,sent,prefix/seq=95,2.375000000
0,received,prefix/seq=52,2.387260015
0,sent,prefix/seq=96,2.400000000
0,received,prefix/seq=75,2.420242706
0,sent,prefix/seq=97,2.425000000
0,received,prefix/seq=74,2.437315569
0,sent,prefix/seq=98,2.450000000
0,received,prefix/seq=77,2.470456000
0,sent,prefix/seq=99,2.475000000
0,received,prefix/seq=76,2.486742696
0,sent,prefix/seq=100,2.500000000
0,received,prefix/seq=79,2.520299826
0,sent,prefix/seq=101,2.525000000
0,sent,prefix/seq=102,2.550000000
0,received,prefix/seq=81,2.570628709
0,sent,prefix/seq=103,2.575000000
0,received,prefix/seq=80,2.587085130
0,sent,prefix/seq=104,2.600000000
0,sent,prefix/seq=105,2.625000000
0,received,prefix/seq=84,2.645291417
0,sent,prefix/seq=106,2.650000000
0,received,prefix/seq=83,2.661801666
0,sent,prefix/seq=107,2.675000000
0,sent,prefix/seq=108,2.700000000
0,received,prefix/seq=85,2.712007790
0,received,prefix/seq=87,2.720615790
0,sent,prefix/seq=109,2.725000000
0,sent,prefix/seq=110,2.750000000
0,sent,prefix/seq=111,2.775000000
0,received,prefix/seq=88,2.787470692
0,sent,prefix/seq=112,2.800000000
0,received,prefix/seq=69,2.812258214
0,received,prefix/seq=89,2.820866214
0,sent,prefix/seq=113,2.825000000
0,sent,prefix/seq=114,2.850000000
0,received,prefix/seq=91,2.861893372
0,sent,prefix/seq=115,2.875000000
0,received,prefix/seq=92,2.886947114
0,sent,prefix/seq=116,2.900000000
0,received,prefix/seq=93,2.912124127
0,sent,prefix/seq=117,2.925000000
0,sent,prefix/seq=118,2.950000000
0,received,prefix/seq=97,2.970272178
0,sent,prefix/seq=119,2.975000000
0,received,prefix/seq=94,2.978880178
0,sent,prefix/seq=120,3.000000000
0,received,prefix/seq=99,3.020243438
0,sent,prefix/seq=121,3.025000000
0,received,prefix/seq=78,3.037134607
0,received,prefix/seq=98,3.045742607
0,sent,prefix/seq=122,3.050000000
0,received,prefix/seq=100,3.054350607
0,sent,prefix/seq=123,3.075000000
0,sent,prefix/seq=124,3.100000000
0,received,prefix/seq=103,3.120098300
0,sent,prefix/seq=125,3.125000000
0,received,prefix/seq=102,3.136825841
0,received,prefix/seq=82,3.145425841
0,sent,prefix/seq=126,3.150000000
0,sent,prefix/seq=127,3.175000000
0,received,prefix/seq=106,3.195104682
0,sent,prefix/seq=128,3.200000000
0,received,prefix/seq=105,3.212510565
0,sent,prefix/seq=129,3.225000000
0,received,prefix/seq=86,3.237321681
0,sent,prefix/seq=130,3.250000000
0,received,prefix/seq=107,3.262485150
0,sent,prefix/seq=131,3.275000000
0,received,prefix/seq=108,3.287302652
0,received,prefix/seq=110,3.295910652
0,sent,prefix/seq=132,3.300000000
0,sent,prefix/seq=133,3.325000000
0,sent,prefix/seq=134,3.350000000
0,received,prefix/seq=111,3.361854523
0,sent,prefix/seq=135,3.375000000
0,sent,prefix/seq=136,3.400000000
0,received,prefix/seq=113,3.411873628
0,sent,prefix/seq=137,3.425000000
0,received,prefix/seq=114,3.437273130
0,received,prefix/seq=116,3.445881130
0,sent,prefix/seq=138,3.450000000
0,received,prefix/seq=95,3.462502980
0,sent,prefix/seq=139,3.475000000
0,received,prefix/seq=118,3.495361839
0,sent,prefix/seq=140,3.500000000
0,received,prefix/seq=117,3.512218758
0,received,prefix/seq=119,3.520826758
0,sent,prefix/seq=141,3.525000000
0,sent,prefix/seq=142,3.550000000
0,sent,prefix/seq=143,3.575000000
0,received,prefix/seq=120,3.587280424
0,sent,prefix/seq=144,3.600000000
0,received,prefix/seq=121,3.612246589
0,sent,prefix/seq=145,3.625000000
0,sent,prefix/seq=146,3.650000000
0,received,prefix/seq=123,3.662086105
0,sent,prefix/seq=147,3.675000000
0,received,prefix/seq=124,3.687502556
0,sent,prefix/seq=148,3.700000000
0,sent,prefix/seq=149,3.725000000
0,sent,prefix/seq=150,3.750000000
0,received,prefix/seq=127,3.761962044
0,sent,prefix/seq=151,3.775000000
0,received,prefix/seq=128,3.786855929
0,received,prefix/seq=130,3.795807929
0,sent,prefix/seq=152,3.800000000
0,sent,prefix/seq=153,3.825000000
0,sent,prefix/seq=154,3.850000000
0,received,prefix/seq=131,3.862219590
0,sent,prefix/seq=155,3.875000000
0,received,prefix/seq=132,3.886837304
0,received,prefix/seq=112,3.895437304
0,sent,prefix/seq=156,3.900000000
0,received,prefix/seq=135,3.920255256
0,sent,prefix/seq=157,3.925000000
0,received,prefix/seq=134,3.936745016
0,sent,prefix/seq=158,3.950000000
0,received,prefix/seq=137,3.970306699
0,sent,prefix/seq=159,3.975000000
0,received,prefix/seq=136,3.987007409
0,sent,prefix/seq=160,4.000000000
0,received,prefix/seq=139,4.020365709
0,sent,prefix/seq=161,4.025000000
0,sent,prefix/seq=162,4.050000000
0,sent,prefix/seq=163,4.075000000
0,received,prefix/seq=140,4.086943931
0,sent,prefix/seq=164,4.100000000
0,received,prefix/seq=141,4.112039113
0,sent,prefix/seq=165,4.125000000
0,received,prefix/seq=122,4.137488519
0,received,prefix/seq=144,4.146096519
0,sent,prefix/seq=166,4.150000000
0,received,prefix/seq=143,4.161977526
0,sent,prefix/seq=167,4.175000000
0,sent,prefix/seq=168,4.200000000
0,received,prefix/seq=125,4.212419211
0,sent,prefix/seq=169,4.225000000
0,received,prefix/seq=146,4.236846030
0,sent,prefix/seq=170,4.250000000
0,received,prefix/seq=147,4.262092049
0,sent,prefix/seq=171,4.275000000
0,received,prefix/seq=148,4.287271931
0,sent,prefix/seq=172,4.300000000
0,received,prefix/seq=129,4.311826324
0,sent,prefix/seq=173,4.325000000
0,received,prefix/seq=150,4.336979659
0,sent,prefix/seq=174,4.350000000
0,received,prefix/seq=151,4.361825180
0,sent,prefix/seq=175,4.375000000
0,received,prefix/seq=152,4.387263773
0,received,prefix/seq=154,4.395871773
0,sent,prefix/seq=176,4.400000000
0,sent,prefix/seq=177,4.425000000
0,sent,prefix/seq=178,4.450000000
0,received,prefix/seq=155,4.461968502
0,sent,prefix/seq=179,4.475000000
0,received,prefix/seq=156,4.487198841
0,sent,prefix/seq=180,4.500000000
0,received,prefix/seq=157,4.511820275
0,sent,prefix/seq=181,4.525000000
0,received,prefix/seq=158,4.536941021
0,received,prefix/seq=138,4.545541021
0,sent,prefix/seq=182,4.550000000
0,received,prefix/seq=159,4.561744946
0,sent,prefix/seq=183,4.575000000
0,sent,prefix/seq=184,4.600000000
0,received,prefix/seq=163,4.620300323
0,sent,prefix/seq=185,4.625000000
0,received,prefix/seq=160,4.628908323
0,sent,prefix/seq=186,4.650000000
0,sent,prefix/seq=187,4.675000000
0,received,prefix/seq=162,4.678510899
0,received,prefix/seq=164,4.687118899
0,sent,prefix/seq=188,4.700000000
0,sent,prefix/seq=189,4.725000000
0,sent,prefix/seq=190,4.750000000
0,sent,prefix/seq=191,4.775000000
0,received,prefix/seq=166,4.778439828
0,sent,prefix/seq=192,4.800000000
0,received,prefix/seq=167,4.804045016
0,received,prefix/seq=169,4.812653016
0,sent,prefix/seq=193,4.825000000
0,sent,prefix/seq=194,4.850000000
0,received,prefix/seq=173,4.870344876
0,sent,prefix/seq=195,4.875000000
0,received,prefix/seq=170,4.878952876
0,sent,prefix/seq=196,4.900000000
0,received,prefix/seq=153,4.912434417
0,sent,prefix/seq=197,4.925000000
0,received,prefix/seq=174,4.937028036
0,sent,prefix/seq=198,4.950000000
0,received,prefix/seq=175,4.961811646
0,sent,prefix/seq=199,4.975000000
0,received,prefix/seq=178,4.995660482
0,sent,prefix/seq=200,5.000000000
0,sent,prefix/seq=201,5.025000000
0,received,prefix/seq=176,5.028882141
0,sent,prefix/seq=202,5.050000000
0,received,prefix/seq=179,5.062049172
0,sent,prefix/seq=203,5.075000000
0,received,prefix/seq=180,5.087182057
0,sent,prefix/seq=204,5.100000000
0,received,prefix/seq=181,5.112433179
0,sent,prefix/seq=205,5.125000000
0,sent,prefix/seq=206,5.150000000
0,received,prefix/seq=183,5.161913988
0,sent,prefix/seq=207,5.175000000
0,received,prefix/seq=184,5.186872838
0,sent,prefix/seq=208,5.200000000
0,received,prefix/seq=165,5.211930557
0,sent,prefix/seq=209,5.225000000
0,received,prefix/seq=186,5.237486401
0,sent,prefix/seq=210,5.250000000
0,received,prefix/seq=187,5.262437760
0,sent,prefix/seq=211,5.275000000
0,received,prefix/seq=188,5.286791255
0,received,prefix/seq=168,5.295391255
0,sent,prefix/seq=212,5.300000000
0,sent,prefix/seq=213,5.325000000
0,received,prefix/seq=190,5.337060086
0,received,prefix/seq=192,5.345668086
0,sent,prefix/seq=214,5.350000000
0,received,prefix/seq=171,5.362295270
0,sent,prefix/seq=215,5.375000000
0,sent,prefix/seq=216,5.400000000
0,received,prefix/seq=193,5.412250096
0,sent,prefix/seq=217,5.425000000
0,received,prefix/seq=194,5.437140361
0,sent,prefix/seq=218,5.450000000
0,received,prefix/seq=195,5.462067284
0,received,prefix/seq=197,5.470675284
0,sent,prefix/seq=219,5.475000000
0,sent,prefix/seq=220,5.500000000
0,sent,prefix/seq=221,5.525000000
0,received,prefix/seq=198,5.537171517
0,sent,prefix/seq=222,5.550000000
0,received,prefix/seq=199,5.562482031
0,sent,prefix/seq=223,5.575000000
0,sent,prefix/seq=224,5.600000000
0,received,prefix/seq=201,5.612341951
0,sent,prefix/seq=225,5.625000000
0,received,prefix/seq=182,5.637377221
0,received,prefix/seq=202,5.645985221
0,sent,prefix/seq=226,5.650000000
0,received,prefix/seq=203,5.662515193
0,sent,prefix/seq=227,5.675000000
0,received,prefix/seq=204,5.687180300
0,sent,prefix/seq=228,5.700000000
0,sent,prefix/seq=229,5.725000000
0,received,prefix/seq=206,5.736753370
0,sent,prefix/seq=230,5.750000000
0,received,prefix/seq=205,5.753564601
0,sent,prefix/seq=231,5.775000000
0,sent,prefix/seq=232,5.800000000
0,received,prefix/seq=209,5.812477204
0,sent,prefix/seq=233,5.825000000
0,received,prefix/seq=210,5.837024913
0,sent,prefix/seq=234,5.850000000
0,received,prefix/seq=211,5.862488608
0,sent,prefix/seq=235,5.875000000
0,sent,prefix/seq=236,5.900000000
0,received,prefix/seq=213,5.912500387
0,sent,prefix/seq=237,5.925000000
0,received,prefix/seq=216,5.945475777
0,sent,prefix/seq=238,5.950000000
0,received,prefix/seq=215,5.962058022
0,sent,prefix/seq=239,5.975000000
0,received,prefix/seq=196,5.987231042
0,sent,prefix/seq=240,6.000000000
0,received,prefix/seq=217,6.012168935
0,sent,prefix/seq=241,6.025000000
0,received,prefix/seq=218,6.036919243
0,sent,prefix/seq=242,6.050000000
0,sent,prefix/seq=243,6.075000000
0,sent,prefix/seq=244,6.100000000
0,received,prefix/seq=219,6.103983098
0,received,prefix/seq=221,6.112591098
0,sent,prefix/seq=245,6.125000000
0,received,prefix/seq=224,6.145686362
0,sent,prefix/seq=246,6.150000000
0,sent,prefix/seq=247,6.175000000
0,received,prefix/seq=222,6.178532310
0,sent,prefix/seq=248,6.200000000
0,received,prefix/seq=225,6.212185730
0,received,prefix/seq=227,6.220793730
0,sent,prefix/seq=249,6.225000000
0,sent,prefix/seq=250,6.250000000
0,received,prefix/seq=207,6.262176572
0,sent,prefix/seq=251,6.275000000
0,received,prefix/seq=212,6.275613739
0,received,prefix/seq=228,6.287063124
0,sent,prefix/seq=252,6.300000000
0,received,prefix/seq=229,6.311786090
0,sent,prefix/seq=253,6.325000000
0,received,prefix/seq=232,6.345111499
0,sent,prefix/seq=254,6.350000000
0,received,prefix/seq=231,6.361867739
0,sent,prefix/seq=255,6.375000000
0,sent,prefix/seq=256,6.400000000
0,received,prefix/seq=233,6.412229282
0,sent,prefix/seq=257,6.425000000
0,received,prefix/seq=214,6.437251757
0,received,prefix/seq=236,6.445859757
0,sent,prefix/seq=258,6.450000000
0,sent,prefix/seq=259,6.475000000
0,received,prefix/seq=234,6.478965922
0,sent,prefix/seq=260,6.500000000
0,received,prefix/seq=237,6.512031232
0,sent,prefix/seq=261,6.525000000
0,received,prefix/seq=238,6.537145329
0,sent,prefix/seq=262,6.550000000
0,sent,prefix/seq=263,6.575000000
0,received,prefix/seq=240,6.587471533
0,sent,prefix/seq=264,6.600000000
0,received,prefix/seq=241,6.612303263
0,received,prefix/seq=243,6.621263263
0,sent,prefix/seq=265,6.625000000
0,sent,prefix/seq=266,6.650000000
0,received,prefix/seq=223,6.662190192
0,sent,prefix/seq=267,6.675000000
0,received,prefix/seq=244,6.687132105
0,sent,prefix/seq=268,6.700000000
0,received,prefix/seq=245,6.712240468
0,sent,prefix/seq=269,6.725000000
0,received,prefix/seq=246,6.736993672
0,sent,prefix/seq=270,6.750000000
0,received,prefix/seq=247,6.762080713
0,sent,prefix/seq=271,6.775000000
0,sent,prefix/seq=272,6.800000000
0,sent,prefix/seq=273,6.825000000
0,received,prefix/seq=248,6.828915985
0,sent,prefix/seq=274,6.850000000
0,received,prefix/seq=249,6.853620726
0,sent,prefix/seq=275,6.875000000
0,received,prefix/seq=252,6.887356502
0,sent,prefix/seq=276,6.900000000
0,received,prefix/seq=253,6.912245405
0,sent,prefix/seq=277,6.925000000
0,received,prefix/seq=254,6.936946583
0,sent,prefix/seq=278,6.950000000
0,sent,prefix/seq=279,6.975000000
0,received,prefix/seq=256,6.987055178
0,sent,prefix/seq=280,7.000000000
0,sent,prefix/seq=281,7.025000000
0,received,prefix/seq=258,7.037120227
0,sent,prefix/seq=282,7.050000000
0,received,prefix/seq=259,7.061855126
0,received,prefix/seq=239,7.070455126
0,sent,prefix/seq=283,7.075000000
0,received,prefix/seq=260,7.086868207
0,sent,prefix/seq=284,7.100000000
0,received,prefix/seq=263,7.120788914
0,sent,prefix/seq=285,7.125000000
0,sent,prefix/seq=286,7.150000000
0,received,prefix/seq=261,7.154232623
0,sent,prefix/seq=287,7.175000000
0,received,prefix/seq=264,7.187191331
0,sent,prefix/seq=288,7.200000000
0,sent,prefix/seq=289,7.225000000
0,received,prefix/seq=250,7.225681358
0,sent,prefix/seq=290,7.250000000
0,received,prefix/seq=265,7.253478714
0,received,prefix/seq=267,7.262229496
0,sent,prefix/seq=291,7.275000000
0,received,prefix/seq=268,7.287301329
0,sent,prefix/seq=292,7.300000000
0,sent,prefix/seq=293,7.325000000
0,received,prefix/seq=270,7.337342575
0,sent,prefix/seq=294,7.350000000
0,received,prefix/seq=251,7.361743340
0,sent,prefix/seq=295,7.375000000
0,received,prefix/seq=272,7.387209694
0,sent,prefix/seq=296,7.400000000
0,received,prefix/seq=273,7.411792561
0,sent,prefix/seq=297,7.425000000
0,received,prefix/seq=274,7.436947904
0,sent,prefix/seq=298,7.450000000
0,received,prefix/seq=255,7.462108934
0,received,prefix/seq=275,7.470724934
0,sent,prefix/seq=299,7.475000000
0,received,prefix/seq=276,7.487524093
0,sent,prefix/seq=300,7.500000000
0,sent,prefix/seq=301,7.525000000
0,sent,prefix/seq=302,7.550000000
0,received,prefix/seq=277,7.554177834
0,received,prefix/seq=279,7.562793834
0,sent,prefix/seq=303,7.575000000
0,sent,prefix/seq=304,7.600000000
0,received,prefix/seq=281,7.612211635
0,sent,prefix/seq=305,7.625000000
0,received,prefix/seq=282,7.637387516
0,sent,prefix/seq=306,7.650000000
0,received,prefix/seq=283,7.662456911
0,sent,prefix/seq=307,7.675000000
0,received,prefix/seq=284,7.686920953
0,sent,prefix/seq=308,7.700000000
0,sent,prefix/seq=309,7.725000000
0,received,prefix/seq=286,7.736801575
0,received,prefix/seq=266,7.745409575
0,sent,prefix/seq=310,7.750000000
0,received,prefix/seq=287,7.762533381
0,sent,prefix/seq=311,7.775000000
0,sent,prefix/seq=312,7.800000000
0,received,prefix/seq=289,7.812418077
0,sent,prefix/seq=313,7.825000000
0,received,prefix/seq=290,7.837238786
0,sent,prefix/seq=314,7.850000000
0,sent,prefix/seq=315,7.875000000
0,sent,prefix/seq=316,7.900000000
0,received,prefix/seq=291,7.903821543
0,received,prefix/seq=293,7.912505964
0,sent,prefix/seq=317,7.925000000
0,sent,prefix/seq=318,7.950000000
0,received,prefix/seq=295,7.962487103
0,sent,prefix/seq=319,7.975000000
0,received,prefix/seq=296,7.987078137
0,sent,prefix/seq=320,8.000000000
0,received,prefix/seq=297,8.012586171
0,sent,prefix/seq=321,8.025000000
0,received,prefix/seq=298,8.037465060
0,sent,prefix/seq=322,8.050000000
0,received,prefix/seq=299,8.061945718
0,sent,prefix/seq=323,8.075000000
0,received,prefix/seq=280,8.087092198
0,received,prefix/seq=302,8.095822440
0,sent,prefix/seq=324,8.100000000
0,sent,prefix/seq=325,8.125000000
0,sent,prefix/seq=326,8.150000000
0,received,prefix/seq=303,8.161941038
0,sent,prefix/seq=327,8.175000000
0,received,prefix/seq=304,8.186830998
0,sent,prefix/seq=328,8.200000000
0,received,prefix/seq=305,8.212202436
0,sent,prefix/seq=329,8.225000000
0,received,prefix/seq=306,8.237495613
0,sent,prefix/seq=330,8.250000000
0,sent,prefix/seq=331,8.275000000
0,received,prefix/seq=288,8.286924293
0,sent,prefix/seq=332,8.300000000
0,received,prefix/seq=307,8.303919358
0,received,prefix/seq=309,8.312535358
0,sent,prefix/seq=333,8.325000000
0,sent,prefix/seq=334,8.350000000
0,received,prefix/seq=311,8.361829776
0,sent,prefix/seq=335,8.375000000
0,received,prefix/seq=292,8.386987011
0,received,prefix/seq=312,8.395603011
0,sent,prefix/seq=336,8.400000000
0,received,prefix/seq=313,8.412578684
0,sent,prefix/seq=337,8.425000000
0,sent,prefix/seq=338,8.450000000
0,received,prefix/seq=315,8.462175619
0,sent,prefix/seq=339,8.475000000
0,received,prefix/seq=318,8.495535652
0,sent,prefix/seq=340,8.500000000
0,sent,prefix/seq=341,8.525000000
0,received,prefix/seq=316,8.529137955
0,received,prefix/seq=320,8.545673533
0,sent,prefix/seq=342,8.550000000
0,received,prefix/seq=319,8.561975134
0,sent,prefix/seq=343,8.575000000
0,received,prefix/seq=300,8.587165502
0,sent,prefix/seq=344,8.600000000
0,received,prefix/seq=321,8.612335272
0,sent,prefix/seq=345,8.625000000
0,received,prefix/seq=322,8.636988709
0,sent,prefix/seq=346,8.650000000
0,sent,prefix/seq=347,8.675000000
0,received,prefix/seq=326,8.695152120
0,sent,prefix/seq=348,8.700000000
0,sent,prefix/seq=349,8.725000000
0,received,prefix/seq=324,8.729162231
0,sent,prefix/seq=350,8.750000000
0,received,prefix/seq=327,8.761936366
0,sent,prefix/seq=351,8.775000000
0,received,prefix/seq=328,8.787062441
0,received,prefix/seq=308,8.795670441
0,sent,prefix/seq=352,8.800000000
0,received,prefix/seq=329,8.812041798
0,sent,prefix/seq=353,8.825000000
0,received,prefix/seq=332,8.845665268
0,sent,prefix/seq=354,8.850000000
0,sent,prefix/seq=355,8.875000000
0,received,prefix/seq=330,8.878520997
0,sent,prefix/seq=356,8.900000000
0,received,prefix/seq=333,8.911852502
0,sent,prefix/seq=357,8.925000000
0,received,prefix/seq=334,8.936838604
0,sent,prefix/seq=358,8.950000000
0,received,prefix/seq=337,8.970873045
0,sent,prefix/seq=359,8.975000000
0,sent,prefix/seq=360,9.000000000
0,sent,prefix/seq=361,9.025000000
0,received,prefix/seq=336,9.028920670
0,sent,prefix/seq=362,9.050000000
0,received,prefix/seq=339,9.061842691
0,sent,prefix/seq=363,9.075000000
0,received,prefix/seq=340,9.087297001
0,sent,prefix/seq=364,9.100000000
0,received,prefix/seq=341,9.112154147
0,sent,prefix/seq=365,9.125000000
0,received,prefix/seq=342,9.137550303
0,sent,prefix/seq=366,9.150000000
0,received,prefix/seq=323,9.162261580
0,sent,prefix/seq=367,9.175000000
0,received,prefix/seq=344,9.187573143
0,sent,prefix/seq=368,9.200000000
0,sent,prefix/seq=369,9.225000000
0,sent,prefix/seq=370,9.250000000
0,received,prefix/seq=345,9.253484487
0,received,prefix/seq=347,9.262100487
0,sent,prefix/seq=371,9.275000000
0,sent,prefix/seq=372,9.300000000
0,received,prefix/seq=349,9.311808504
0,sent,prefix/seq=373,9.325000000
0,received,prefix/seq=348,9.328794900
0,sent,prefix/seq=374,9.350000000
0,received,prefix/seq=331,9.361937544
0,received,prefix/seq=351,9.370553544
0,sent,prefix/seq=375,9.375000000
0,received,prefix/seq=354,9.395911555
0,sent,prefix/seq=376,9.400000000
0,received,prefix/seq=353,9.412222823
0,sent,prefix/seq=377,9.425000000
0,sent,prefix/seq=378,9.450000000
0,received,prefix/seq=335,9.462465653
0,received,prefix/seq=355,9.471081653
0,sent,prefix/seq=379,9.475000000
0,received,prefix/seq=356,9.486970094
0,sent,prefix/seq=380,9.500000000
0,received,prefix/seq=357,9.511978931
0,sent,prefix/seq=381,9.525000000
0,received,prefix/seq=358,9.537261302
0,sent,prefix/seq=382,9.550000000
0,sent,prefix/seq=383,9.575000000
0,sent,prefix/seq=384,9.600000000
0,received,prefix/seq=361,9.611877659
0,sent,prefix/seq=385,9.625000000
0,received,prefix/seq=362,9.637009717
0,sent,prefix/seq=386,9.650000000
0,received,prefix/seq=343,9.662016000
0,received,prefix/seq=363,9.670632000
0,sent,prefix/seq=387,9.675000000
0,received,prefix/seq=364,9.687152100
0,sent,prefix/seq=388,9.700000000
0,sent,prefix/seq=389,9.725000000
0,sent,prefix/seq=390,9.750000000
0,received,prefix/seq=365,9.753930182
0,received,prefix/seq=367,9.762546182
0,sent,prefix/seq=391,9.775000000
0,sent,prefix/seq=392,9.800000000
0,received,prefix/seq=369,9.812007450
0,sent,prefix/seq=393,9.825000000
0,received,prefix/seq=350,9.837367087
0,received,prefix/seq=370,9.845983087
0,sent,prefix/seq=394,9.850000000
0,received,prefix/seq=371,9.862376249
0,sent,prefix/seq=395,9.875000000
0,received,prefix/seq=372,9.886909103
0,sent,prefix/seq=396,9.900000000
0,sent,prefix/seq=397,9.925000000
0,sent,prefix/seq=398,9.950000000
0,received,prefix/seq=373,9.953873170
0,received,prefix/seq=375,9.962489170
0,sent,prefix/seq=399,9.975000000
0,received,prefix/seq=378,9.995259430
0,sent,prefix/seq=400,10.000000000
0,sent,prefix/seq=401,10.025000000
0,received,prefix/seq=376,10.028582171
0,sent,prefix/seq=402,10.050000000
0,received,prefix/seq=379,10.062089197
0,sent,prefix/seq=403,10.075000000
0,received,prefix/seq=380,10.086879251
0,sent,prefix/seq=404,10.100000000
0,sent,prefix/seq=405,10.125000000
0,received,prefix/seq=384,10.145637999
0,sent,prefix/seq=406,10.150000000
0,received,prefix/seq=381,10.154253999
0,sent,prefix/seq=407,10.175000000
0,sent,prefix/seq=408,10.200000000
0,received,prefix/seq=385,10.212219484
0,sent,prefix/seq=409,10.225000000
0,received,prefix/seq=386,10.236976420
0,received,prefix/seq=366,10.245584420
0,sent,prefix/seq=410,10.250000000
0,received,prefix/seq=387,10.262107753
0,sent,prefix/seq=411,10.275000000
0,sent,prefix/seq=412,10.300000000
0,received,prefix/seq=389,10.312411243
0,sent,prefix/seq=413,10.325000000
0,received,prefix/seq=392,10.345126671
0,sent,prefix/seq=414,10.350000000
0,sent,prefix/seq=415,10.375000000
0,received,prefix/seq=390,10.378764641
0,sent,prefix/seq=416,10.400000000
0,received,prefix/seq=393,10.412288906
0,sent,prefix/seq=417,10.425000000
0,received,prefix/seq=394,10.437092028
0,received,prefix/seq=374,10.445700028
0,sent,prefix/seq=418,10.450000000
0,received,prefix/seq=397,10.470843957
0,sent,prefix/seq=419,10.475000000
0,received,prefix/seq=396,10.486882996
0,sent,prefix/seq=420,10.500000000
0,received,prefix/seq=377,10.511870108
0,sent,prefix/seq=421,10.525000000
0,received,prefix/seq=400,10.545580430
0,sent,prefix/seq=422,10.550000000
0,received,prefix/seq=399,10.561913696
0,sent,prefix/seq=423,10.575000000
0,sent,prefix/seq=424,10.600000000
0,received,prefix/seq=401,10.612186138
0,sent,prefix/seq=425,10.625000000
0,received,prefix/seq=402,10.636801695
0,sent,prefix/seq=426,10.650000000
0,received,prefix/seq=403,10.661984742
0,sent,prefix/seq=427,10.675000000
0,sent,prefix/seq=428,10.700000000
0,received,prefix/seq=405,10.712405589
0,sent,prefix/seq=429,10.725000000
0,sent,prefix/seq=430,10.750000000
0,sent,prefix/seq=431,10.775000000
0,received,prefix/seq=406,10.779220862
0,received,prefix/seq=388,10.787828862
0,received,prefix/seq=408,10.796444862
0,sent,prefix/seq=432,10.800000000
0,received,prefix/seq=409,10.812172699
0,sent,prefix/seq=433,10.825000000
0,received,prefix/seq=412,10.845235819
0,sent,prefix/seq=434,10.850000000
0,received,prefix/seq=391,10.862394727
0,sent,prefix/seq=435,10.875000000
0,received,prefix/seq=410,10.878979618
0,sent,prefix/seq=436,10.900000000
0,received,prefix/seq=413,10.912300203
0,sent,prefix/seq=437,10.925000000
0,sent,prefix/seq=438,10.950000000
0,received,prefix/seq=415,10.962040582
0,sent,prefix/seq=439,10.975000000
0,received,prefix/seq=414,10.979085726
0,sent,prefix/seq=440,11.000000000
0,sent,prefix/seq=441,11.025000000
0,received,prefix/seq=416,11.028468067
0,received,prefix/seq=418,11.037208499
0,sent,prefix/seq=442,11.050000000
0,sent,prefix/seq=443,11.075000000
0,sent,prefix/seq=444,11.100000000
0,received,prefix/seq=419,11.103984733
0,received,prefix/seq=421,11.112600733
0,sent,prefix/seq=445,11.125000000
0,sent,prefix/seq=446,11.150000000
0,sent,prefix/seq=447,11.175000000
0,received,prefix/seq=422,11.178504486
0,received,prefix/seq=424,11.187120486
0,sent,prefix/seq=448,11.200000000
0,received,prefix/seq=425,11.212220162
0,sent,prefix/seq=449,11.225000000
0,sent,prefix/seq=450,11.250000000
0,received,prefix/seq=407,11.262548991
0,sent,prefix/seq=451,11.275000000
0,received,prefix/seq=426,11.278814461
0,received,prefix/seq=428,11.287430461
0,sent,prefix/seq=452,11.300000000
0,received,prefix/seq=431,11.320464889
0,sent,prefix/seq=453,11.325000000
0,sent,prefix/seq=454,11.350000000
0,received,prefix/seq=429,11.353892166
0,sent,prefix/seq=455,11.375000000
0,received,prefix/seq=432,11.387320496
0,sent,prefix/seq=456,11.400000000
0,received,prefix/seq=433,11.412571323
0,sent,prefix/seq=457,11.425000000
0,sent,prefix/seq=458,11.450000000
0,received,prefix/seq=435,11.461979592
0,sent,prefix/seq=459,11.475000000
0,received,prefix/seq=436,11.487169461
0,sent,prefix/seq=460,11.500000000
0,received,prefix/seq=417,11.512486310
0,sent,prefix/seq=461,11.525000000
0,received,prefix/seq=438,11.537270947
0,sent,prefix/seq=462,11.550000000
0,received,prefix/seq=439,11.562176334
0,sent,prefix/seq=463,11.575000000
0,received,prefix/seq=440,11.586987050
0,received,prefix/seq=420,11.595595050
0,sent,prefix/seq=464,11.600000000
0,sent,prefix/seq=465,11.625000000
0,received,prefix/seq=442,11.637237142
0,sent,prefix/seq=466,11.650000000
0,sent,prefix/seq=467,11.675000000
0,received,prefix/seq=444,11.687161325
0,sent,prefix/seq=468,11.700000000
0,received,prefix/seq=445,11.711925742
0,sent,prefix/seq=469,11.725000000
0,received,prefix/seq=446,11.736821841
0,sent,prefix/seq=470,11.750000000
0,received,prefix/seq=447,11.761886276
0,sent,prefix/seq=471,11.775000000
0,received,prefix/seq=448,11.787040227
0,received,prefix/seq=450,11.795850669
0,sent,prefix/seq=472,11.800000000
0,sent,prefix/seq=473,11.825000000
0,received,prefix/seq=430,11.836824700
0,sent,prefix/seq=474,11.850000000
0,received,prefix/seq=451,11.862292809
0,sent,prefix/seq=475,11.875000000
0,received,prefix/seq=452,11.887347444
0,sent,prefix/seq=476,11.900000000
0,sent,prefix/seq=477,11.925000000
0,received,prefix/seq=434,11.937233252
0,sent,prefix/seq=478,11.950000000
0,received,prefix/seq=453,11.954106312
0,received,prefix/seq=455,11.962722312
0,sent,prefix/seq=479,11.975000000
0,sent,prefix/seq=480,12.000000000
0,received,prefix/seq=457,12.011993440
0,sent,prefix/seq=481,12.025000000
0,received,prefix/seq=456,12.028744177
0,sent,prefix/seq=482,12.050000000
0,received,prefix/seq=459,12.062127330
0,sent,prefix/seq=483,12.075000000
0,received,prefix/seq=458,12.079188893
0,sent,prefix/seq=484,12.100000000
0,sent,prefix/seq=485,12.125000000
0,received,prefix/seq=462,12.137487124
0,sent,prefix/seq=486,12.150000000
0,received,prefix/seq=461,12.153821055
0,sent,prefix/seq=487,12.175000000
0,sent,prefix/seq=488,12.200000000
0,received,prefix/seq=467,12.220881157
0,sent,prefix/seq=489,12.225000000
0,sent,prefix/seq=490,12.250000000
0,received,prefix/seq=465,12.253458554
0,received,prefix/seq=469,12.270657717
0,sent,prefix/seq=491,12.275000000
0,received,prefix/seq=468,12.287585323
0,sent,prefix/seq=492,12.300000000
0,received,prefix/seq=449,12.312310044
0,sent,prefix/seq=493,12.325000000
0,received,prefix/seq=470,12.337531147
0,sent,prefix/seq=494,12.350000000
0,received,prefix/seq=471,12.362254575
0,sent,prefix/seq=495,12.375000000
0,sent,prefix/seq=496,12.400000000
0,sent,prefix/seq=497,12.425000000
0,received,prefix/seq=472,12.429182642
0,received,prefix/seq=474,12.437798642
0,sent,prefix/seq=498,12.450000000
0,received,prefix/seq=475,12.462104309
0,sent,prefix/seq=499,12.475000000
0,received,prefix/seq=478,12.495719998
0,sent,prefix/seq=500,12.500000000
0,sent,prefix/seq=501,12.525000000
0,received,prefix/seq=480,12.545782733
0,sent,prefix/seq=502,12.550000000
0,received,prefix/seq=479,12.562477634
0,sent,prefix/seq=503,12.575000000
0,received,prefix/seq=460,12.587178240
0,sent,prefix/seq=504,12.600000000
0,received,prefix/seq=481,12.612420505
0,sent,prefix/seq=505,12.625000000
0,received,prefix/seq=482,12.637575910
0,sent,prefix/seq=506,12.650000000
0,received,prefix/seq=483,12.661901627
0,received,prefix/seq=463,12.670509627
0,sent,prefix/seq=507,12.675000000
0,sent,prefix/seq=508,12.700000000
0,received,prefix/seq=485,12.712166549
0,sent,prefix/seq=509,12.725000000
0,sent,prefix/seq=510,12.750000000
0,sent,prefix/seq=511,12.775000000
0,received,prefix/seq=486,12.779171912
0,received,prefix/seq=488,12.787787912
0,sent,prefix/seq=512,12.800000000
0,received,prefix/seq=489,12.811925993
0,sent,prefix/seq=513,12.825000000
0,received,prefix/seq=490,12.837356891
0,sent,prefix/seq=514,12.850000000
0,received,prefix/seq=491,12.862531743
0,sent,prefix/seq=515,12.875000000
0,sent,prefix/seq=516,12.900000000
0,received,prefix/seq=473,12.912088608
0,received,prefix/seq=493,12.920704608
0,sent,prefix/seq=517,12.925000000
0,received,prefix/seq=494,12.937465970
0,sent,prefix/seq=518,12.950000000
0,sent,prefix/seq=519,12.975000000
0,received,prefix/seq=476,12.987287658
0,received,prefix/seq=496,12.995903658
0,sent,prefix/seq=520,13.000000000
0,received,prefix/seq=497,13.012176571
0,sent,prefix/seq=521,13.025000000
0,received,prefix/seq=498,13.037032358
0,sent,prefix/seq=522,13.050000000
0,sent,prefix/seq=523,13.075000000
0,received,prefix/seq=500,13.086830339
0,sent,prefix/seq=524,13.100000000
0,received,prefix/seq=499,13.104120624
0,sent,prefix/seq=525,13.125000000
0,sent,prefix/seq=526,13.150000000
0,received,prefix/seq=501,13.153702912
0,sent,prefix/seq=527,13.175000000
0,received,prefix/seq=502,13.179080448
0,sent,prefix/seq=528,13.200000000
0,received,prefix/seq=505,13.212356928
0,sent,prefix/seq=529,13.225000000
0,sent,prefix/seq=530,13.250000000
0,sent,prefix/seq=531,13.275000000
0,received,prefix/seq=506,13.278960903
0,received,prefix/seq=508,13.287576903
0,sent,prefix/seq=532,13.300000000
0,sent,prefix/seq=533,13.325000000
0,received,prefix/seq=510,13.336881536
0,sent,prefix/seq=534,13.350000000
0,received,prefix/seq=511,13.362443759
0,sent,prefix/seq=535,13.375000000
0,received,prefix/seq=512,13.387016914
0,received,prefix/seq=492,13.395624914
0,sent,prefix/seq=536,13.400000000
0,received,prefix/seq=513,13.412405194
0,sent,prefix/seq=537,13.425000000
0,sent,prefix/seq=538,13.450000000
0,received,prefix/seq=515,13.461906548
0,sent,prefix/seq=539,13.475000000
0,received,prefix/seq=514,13.478909090
0,sent,prefix/seq=540,13.500000000
0,received,prefix/seq=519,13.520713554
0,sent,prefix/seq=541,13.525000000
0,sent,prefix/seq=542,13.550000000
0,received,prefix/seq=517,13.553741595
0,sent,prefix/seq=543,13.575000000
0,received,prefix/seq=520,13.587453477
0,sent,prefix/seq=544,13.600000000
0,received,prefix/seq=521,13.611811703
0,sent,prefix/seq=545,13.625000000
0,sent,prefix/seq=546,13.650000000
0,received,prefix/seq=503,13.661803662
0,received,prefix/seq=523,13.670419662
0,sent,prefix/seq=547,13.675000000
0,received,prefix/seq=504,13.687548629
0,sent,prefix/seq=548,13.700000000
0,received,prefix/seq=525,13.711791471
0,sent,prefix/seq=549,13.725000000
0,received,prefix/seq=526,13.737380594
0,sent,prefix/seq=550,13.750000000
0,received,prefix/seq=527,13.762142400
0,sent,prefix/seq=551,13.775000000
0,received,prefix/seq=528,13.787218975
0,sent,prefix/seq=552,13.800000000
0,sent,prefix/seq=553,13.825000000
0,received,prefix/seq=530,13.837354926
0,sent,prefix/seq=554,13.850000000
0,sent,prefix/seq=555,13.875000000
0,received,prefix/seq=532,13.887185808
0,sent,prefix/seq=556,13.900000000
0,received,prefix/seq=531,13.903687036
0,sent,prefix/seq=557,13.925000000
0,received,prefix/seq=534,13.937264728
0,sent,prefix/seq=558,13.950000000
0,received,prefix/seq=533,13.953610164
0,sent,prefix/seq=559,13.975000000
0,received,prefix/seq=536,13.986985836
0,received,prefix/seq=516,13.995593836
0,sent,prefix/seq=560,14.000000000
0,received,prefix/seq=538,14.004209836
0,sent,prefix/seq=561,14.025000000
0,received,prefix/seq=518,14.036870458
0,sent,prefix/seq=562,14.050000000
0,received,prefix/seq=539,14.061877547
0,sent,prefix/seq=563,14.075000000
0,received,prefix/seq=540,14.087025498
0,sent,prefix/seq=564,14.100000000
0,sent,prefix/seq=565,14.125000000
0,received,prefix/seq=542,14.137446475
0,sent,prefix/seq=566,14.150000000
0,received,prefix/seq=541,14.154164269
0,sent,prefix/seq=567,14.175000000
0,received,prefix/seq=544,14.187410207
0,sent,prefix/seq=568,14.200000000
0,received,prefix/seq=543,14.204198401
0,sent,prefix/seq=569,14.225000000
0,sent,prefix/seq=570,14.250000000
0,received,prefix/seq=549,14.270690539
0,sent,prefix/seq=571,14.275000000
0,received,prefix/seq=548,14.286839121
0,sent,prefix/seq=572,14.300000000
0,sent,prefix/seq=573,14.325000000
0,received,prefix/seq=550,14.337041916
0,sent,prefix/seq=574,14.350000000
0,received,prefix/seq=553,14.370512000
0,sent,prefix/seq=575,14.375000000
0,sent,prefix/seq=576,14.400000000
0,received,prefix/seq=551,14.403624335
0,sent,prefix/seq=577,14.425000000
0,received,prefix/seq=554,14.437328844
0,sent,prefix/seq=578,14.450000000
0,received,prefix/seq=535,14.462027766
0,received,prefix/seq=555,14.470643766
0,sent,prefix/seq=579,14.475000000
0,received,prefix/seq=556,14.486828021
0,sent,prefix/seq=580,14.500000000
0,received,prefix/seq=557,14.512194321
0,sent,prefix/seq=581,14.525000000
0,sent,prefix/seq=582,14.550000000
0,received,prefix/seq=559,14.562238677
0,sent,prefix/seq=583,14.575000000
0,sent,prefix/seq=584,14.600000000
0,received,prefix/seq=545,14.601404900
0,sent,prefix/seq=585,14.625000000
0,received,prefix/seq=560,14.628864459
0,received,prefix/seq=562,14.637480459
0,sent,prefix/seq=586,14.650000000
0,received,prefix/seq=563,14.661828767
0,received,prefix/seq=565,14.670780683
0,sent,prefix/seq=587,14.675000000
0,sent,prefix/seq=588,14.700000000
0,sent,prefix/seq=589,14.725000000
0,received,prefix/seq=566,14.737025447
0,received,prefix/seq=546,14.745633447
0,sent,prefix/seq=590,14.750000000
0,received,prefix/seq=567,14.762226575
0,sent,prefix/seq=591,14.775000000
0,sent,prefix/seq=592,14.800000000
0,received,prefix/seq=569,14.811802847
0,sent,prefix/seq=593,14.825000000
0,received,prefix/seq=570,14.837502174
0,sent,prefix/seq=594,14.850000000
0,received,prefix/seq=571,14.862490341
0,sent,prefix/seq=595,14.875000000
0,sent,prefix/seq=596,14.900000000
0,received,prefix/seq=573,14.912000683
0,sent,prefix/seq=597,14.925000000
0,received,prefix/seq=574,14.937427148
0,sent,prefix/seq=598,14.950000000
0,received,prefix/seq=577,14.970670083
0,sent,prefix/seq=599,14.975000000
0,sent,prefix/seq=600,15.000000000
0,received,prefix/seq=575,15.004246554
0,sent,prefix/seq=601,15.025000000
0,received,prefix/seq=558,15.037063830
0,received,prefix/seq=578,15.045679830
0,sent,prefix/seq=602,15.050000000
0,received,prefix/seq=579,15.062181915
0,sent,prefix/seq=603,15.075000000
0,sent,prefix/seq=604,15.100000000
0,received,prefix/seq=561,15.111856424
0,sent,prefix/seq=605,15.125000000
0,received,prefix/seq=580,15.128825624
0,received,prefix/seq=582,15.137441624
0,received,prefix/seq=584,15.146057624
0,sent,prefix/seq=606,15.150000000
0,sent,prefix/seq=607,15.175000000
0,sent,prefix/seq=608,15.200000000
0,received,prefix/seq=585,15.212159579
0,sent,prefix/seq=609,15.225000000
0,received,prefix/seq=586,15.237235324
0,sent,prefix/seq=610,15.250000000
0,received,prefix/seq=587,15.262379746
0,sent,prefix/seq=611,15.275000000
0,sent,prefix/seq=612,15.300000000
0,received,prefix/seq=589,15.311976168
0,sent,prefix/seq=613,15.325000000
0,sent,prefix/seq=614,15.350000000
0,received,prefix/seq=591,15.361855872
0,sent,prefix/seq=615,15.375000000
0,received,prefix/seq=592,15.387447399
0,sent,prefix/seq=616,15.400000000
0,received,prefix/seq=593,15.412382489
0,sent,prefix/seq=617,15.425000000
0,received,prefix/seq=596,15.445431410
0,sent,prefix/seq=618,15.450000000
0,sent,prefix/seq=619,15.475000000
0,received,prefix/seq=594,15.478822369
0,received,prefix/seq=576,15.487430369
0,sent,prefix/seq=620,15.500000000
0,received,prefix/seq=597,15.511992281
0,sent,prefix/seq=621,15.525000000
0,received,prefix/seq=598,15.537248127
0,sent,prefix/seq=622,15.550000000
0,sent,prefix/seq=623,15.575000000
0,received,prefix/seq=600,15.587033047
0,sent,prefix/seq=624,15.600000000
0,received,prefix/seq=599,15.603769820
0,received,prefix/seq=581,15.612377820
0,sent,prefix/seq=625,15.625000000
0,received,prefix/seq=602,15.637340601
0,received,prefix/seq=604,15.645956601
0,sent,prefix/seq=626,15.650000000
0,sent,prefix/seq=627,15.675000000
0,sent,prefix/seq=628,15.700000000
0,received,prefix/seq=605,15.712254775
0,sent,prefix/seq=629,15.725000000
0,sent,prefix/seq=630,15.750000000
0,received,prefix/seq=607,15.762373963
0,sent,prefix/seq=631,15.775000000
0,received,prefix/seq=608,15.787335006
0,received,prefix/seq=588,15.795943006
0,sent,prefix/seq=632,15.800000000
0,received,prefix/seq=609,15.812093923
0,sent,prefix/seq=633,15.825000000
0,sent,prefix/seq=634,15.850000000
0,received,prefix/seq=611,15.862365850
0,sent,prefix/seq=635,15.875000000
0,received,prefix/seq=612,15.886985187
0,sent,prefix/seq=636,15.900000000
0,sent,prefix/seq=637,15.925000000
0,received,prefix/seq=614,15.936842673
0,sent,prefix/seq=638,15.950000000
0,received,prefix/seq=615,15.962216213
0,sent,prefix/seq=639,15.975000000
0,received,prefix/seq=616,15.987379101
0,sent,prefix/seq=640,16.000000000
0,received,prefix/seq=617,16.012213630
0,sent,prefix/seq=641,16.025000000
0,sent,prefix/seq=642,16.050000000
0,sent,prefix/seq=643,16.075000000
0,received,prefix/seq=618,16.078685253
0,received,prefix/seq=620,16.087301253
0,sent,prefix/seq=644,16.100000000
0,received,prefix/seq=601,16.112083476
0,received,prefix/seq=621,16.120699476
0,sent,prefix/seq=645,16.125000000
0,received,prefix/seq=623,16.129315476
0,sent,prefix/seq=646,16.150000000
0,received,prefix/seq=603,16.162447622
0,sent,prefix/seq=647,16.175000000
0,received,prefix/seq=624,16.187209543
0,sent,prefix/seq=648,16.200000000
0,received,prefix/seq=625,16.212408000
0,sent,prefix/seq=649,16.225000000
0,sent,prefix/seq=650,16.250000000
0,sent,prefix/seq=651,16.275000000
0,received,prefix/seq=626,16.279161992
0,received,prefix/seq=628,16.287777992
0,sent,prefix/seq=652,16.300000000
0,sent,prefix/seq=653,16.325000000
0,received,prefix/seq=630,16.337063028
0,sent,prefix/seq=654,16.350000000
0,received,prefix/seq=631,16.362379019
0,sent,prefix/seq=655,16.375000000
0,sent,prefix/seq=656,16.400000000
0,sent,prefix/seq=657,16.425000000
0,received,prefix/seq=632,16.429073437
0,received,prefix/seq=634,16.437689437
0,sent,prefix/seq=658,16.450000000
0,received,prefix/seq=637,16.470185151
0,sent,prefix/seq=659,16.475000000
0,sent,prefix/seq=660,16.500000000
0,received,prefix/seq=635,16.503560839
0,sent,prefix/seq=661,16.525000000
0,received,prefix/seq=638,16.537042631
0,sent,prefix/seq=662,16.550000000
0,received,prefix/seq=639,16.562446773
0,received,prefix/seq=619,16.571054773
0,sent,prefix/seq=663,16.575000000
0,received,prefix/seq=640,16.587535439
0,received,prefix/seq=642,16.596151439
0,sent,prefix/seq=664,16.600000000
0,sent,prefix/seq=665,16.625000000
0,received,prefix/seq=622,16.637195833
0,sent,prefix/seq=666,16.650000000
0,received,prefix/seq=641,16.654043621
0,received,prefix/seq=643,16.662659621
0,sent,prefix/seq=667,16.675000000
0,sent,prefix/seq=668,16.700000000
0,sent,prefix/seq=669,16.725000000
0,received,prefix/seq=644,16.728790627
0,sent,prefix/seq=670,16.750000000
0,received,prefix/seq=647,16.762321147
0,sent,prefix/seq=671,16.775000000
0,received,prefix/seq=648,16.787474144
0,sent,prefix/seq=672,16.800000000
0,received,prefix/seq=629,16.812178489
0,received,prefix/seq=651,16.820860798
0,sent,prefix/seq=673,16.825000000
0,sent,prefix/seq=674,16.850000000
0,sent,prefix/seq=675,16.875000000
0,received,prefix/seq=652,16.887112249
0,sent,prefix/seq=676,16.900000000
0,received,prefix/seq=653,16.912099774
0,sent,prefix/seq=677,16.925000000
0,received,prefix/seq=654,16.936958051
0,received,prefix/seq=656,16.945574051
0,sent,prefix/seq=678,16.950000000
0,sent,prefix/seq=679,16.975000000
0,sent,prefix/seq=680,17.000000000
0,received,prefix/seq=657,17.012147481
0,sent,prefix/seq=681,17.025000000
0,received,prefix/seq=658,17.037560216
0,sent,prefix/seq=682,17.050000000
0,sent,prefix/seq=683,17.075000000
0,received,prefix/seq=660,17.086986935
0,sent,prefix/seq=684,17.100000000
0,received,prefix/seq=645,17.101284360
0,received,prefix/seq=659,17.109900360
0,received,prefix/seq=661,17.118516360
0,sent,prefix/seq=685,17.125000000
0,sent,prefix/seq=686,17.150000000
0,received,prefix/seq=663,17.161894261
0,sent,prefix/seq=687,17.175000000
0,received,prefix/seq=664,17.187462702
0,sent,prefix/seq=688,17.200000000
0,sent,prefix/seq=689,17.225000000
0,received,prefix/seq=646,17.237075252
0,received,prefix/seq=666,17.245691252
0,sent,prefix/seq=690,17.250000000
0,received,prefix/seq=667,17.262253720
0,sent,prefix/seq=691,17.275000000
0,received,prefix/seq=670,17.295437777
0,sent,prefix/seq=692,17.300000000
0,sent,prefix/seq=693,17.325000000
0,received,prefix/seq=668,17.329248516
0,sent,prefix/seq=694,17.350000000
0,received,prefix/seq=671,17.362359893
0,sent,prefix/seq=695,17.375000000
0,sent,prefix/seq=696,17.400000000
0,received,prefix/seq=675,17.420552000
0,sent,prefix/seq=697,17.425000000
0,sent,prefix/seq=698,17.450000000
0,received,prefix/seq=673,17.454025741
0,sent,prefix/seq=699,17.475000000
0,received,prefix/seq=676,17.486793106
0,sent,prefix/seq=700,17.500000000
0,received,prefix/seq=677,17.512148029
0,sent,prefix/seq=701,17.525000000
0,sent,prefix/seq=702,17.550000000
0,sent,prefix/seq=703,17.575000000
0,received,prefix/seq=678,17.579210882
0,received,prefix/seq=680,17.587826882
0,sent,prefix/seq=704,17.600000000
0,received,prefix/seq=681,17.612483989
0,sent,prefix/seq=705,17.625000000
0,received,prefix/seq=662,17.637324590
0,received,prefix/seq=682,17.645940590
0,sent,prefix/seq=706,17.650000000
0,sent,prefix/seq=707,17.675000000
0,received,prefix/seq=684,17.687217137
0,sent,prefix/seq=708,17.700000000
0,received,prefix/seq=665,17.711939080
0,received,prefix/seq=685,17.720555080
0,sent,prefix/seq=709,17.725000000
0,received,prefix/seq=686,17.737577225
0,sent,prefix/seq=710,17.750000000
0,received,prefix/seq=689,17.770280609
0,sent,prefix/seq=711,17.775000000
0,sent,prefix/seq=712,17.800000000
0,received,prefix/seq=687,17.804208052
0,sent,prefix/seq=713,17.825000000
0,received,prefix/seq=690,17.837050143
0,sent,prefix/seq=714,17.850000000
0,sent,prefix/seq=715,17.875000000
0,received,prefix/seq=672,17.886821667
0,received,prefix/seq=692,17.895437667
0,sent,prefix/seq=716,17.900000000
0,received,prefix/seq=693,17.911919492
0,sent,prefix/seq=717,17.925000000
0,sent,prefix/seq=718,17.950000000
0,received,prefix/seq=695,17.961990733
0,sent,prefix/seq=719,17.975000000
0,received,prefix/seq=696,17.987332021
0,sent,prefix/seq=720,18.000000000
0,sent,prefix/seq=721,18.025000000
0,received,prefix/seq=698,18.037313251
0,sent,prefix/seq=722,18.050000000
0,received,prefix/seq=699,18.062551323
0,sent,prefix/seq=723,18.075000000
0,received,prefix/seq=700,18.087438282
0,sent,prefix/seq=724,18.100000000
0,received,prefix/seq=703,18.120259736
0,sent,prefix/seq=725,18.125000000
0,sent,prefix/seq=726,18.150000000
0,received,prefix/seq=701,18.153854619
0,received,prefix/seq=683,18.162462619
0,sent,prefix/seq=727,18.175000000
0,received,prefix/seq=704,18.187019571
0,sent,prefix/seq=728,18.200000000
0,received,prefix/seq=705,18.211853673
0,sent,prefix/seq=729,18.225000000
0,sent,prefix/seq=730,18.250000000
0,received,prefix/seq=707,18.262336014
0,sent,prefix/seq=731,18.275000000
0,received,prefix/seq=706,18.278586919
0,received,prefix/seq=688,18.287549605
0,sent,prefix/seq=732,18.300000000
0,received,prefix/seq=709,18.311977919
0,sent,prefix/seq=733,18.325000000
0,received,prefix/seq=710,18.337107088
0,sent,prefix/seq=734,18.350000000
0,sent,prefix/seq=735,18.375000000
0,received,prefix/seq=712,18.386983025
0,sent,prefix/seq=736,18.400000000
0,received,prefix/seq=713,18.412467117
0,sent,prefix/seq=737,18.425000000
0,sent,prefix/seq=738,18.450000000
0,received,prefix/seq=715,18.462521533
0,sent,prefix/seq=739,18.475000000
0,sent,prefix/seq=740,18.500000000
0,sent,prefix/seq=741,18.525000000
0,received,prefix/seq=716,18.529029773
0,received,prefix/seq=718,18.537645773
0,sent,prefix/seq=742,18.550000000
0,received,prefix/seq=719,18.562571293
0,sent,prefix/seq=743,18.575000000
0,sent,prefix/seq=744,18.600000000
0,received,prefix/seq=721,18.611992243
0,sent,prefix/seq=745,18.625000000
0,received,prefix/seq=722,18.637273966
0,sent,prefix/seq=746,18.650000000
0,received,prefix/seq=723,18.662560518
0,sent,prefix/seq=747,18.675000000
0,received,prefix/seq=708,18.676290455
0,received,prefix/seq=724,18.686945628
0,sent,prefix/seq=748,18.700000000
0,sent,prefix/seq=749,18.725000000
0,sent,prefix/seq=750,18.750000000
0,received,prefix/seq=725,18.753926237
0,received,prefix/seq=727,18.762542237
0,sent,prefix/seq=751,18.775000000
0,received,prefix/seq=728,18.786804657
0,sent,prefix/seq=752,18.800000000
0,received,prefix/seq=729,18.812051285
0,sent,prefix/seq=753,18.825000000
0,sent,prefix/seq=754,18.850000000
0,received,prefix/seq=711,18.862032233
0,received,prefix/seq=733,18.870909869
0,sent,prefix/seq=755,18.875000000
0,received,prefix/seq=730,18.879525869
0,sent,prefix/seq=756,18.900000000
0,sent,prefix/seq=757,18.925000000
0,received,prefix/seq=714,18.936988448
0,received,prefix/seq=734,18.945604448
0,sent,prefix/seq=758,18.950000000
0,received,prefix/seq=735,18.962198960
0,sent,prefix/seq=759,18.975000000
0,sent,prefix/seq=760,19.000000000
0,received,prefix/seq=737,19.012176488
0,sent,prefix/seq=761,19.025000000
0,received,prefix/seq=738,19.037512229
0,sent,prefix/seq=762,19.050000000
0,sent,prefix/seq=763,19.075000000
0,received,prefix/seq=740,19.087430531
0,sent,prefix/seq=764,19.100000000
0,received,prefix/seq=741,19.112242161
0,sent,prefix/seq=765,19.125000000
0,sent,prefix/seq=766,19.150000000
0,received,prefix/seq=743,19.162178545
0,sent,prefix/seq=767,19.175000000
0,received,prefix/seq=742,19.178511149
0,sent,prefix/seq=768,19.200000000
0,received,prefix/seq=745,19.212034401
0,sent,prefix/seq=769,19.225000000
0,received,prefix/seq=744,19.228746394
0,received,prefix/seq=726,19.237354394
0,sent,prefix/seq=770,19.250000000
0,received,prefix/seq=747,19.262347960
0,sent,prefix/seq=771,19.275000000
0,received,prefix/seq=750,19.295710083
0,sent,prefix/seq=772,19.300000000
0,sent,prefix/seq=773,19.325000000
0,received,prefix/seq=748,19.328896092
0,sent,prefix/seq=774,19.350000000
0,received,prefix/seq=731,19.362324678
0,received,prefix/seq=751,19.370940678
0,sent,prefix/seq=775,19.375000000
0,received,prefix/seq=752,19.387162958
0,sent,prefix/seq=776,19.400000000
0,received,prefix/seq=753,19.412151856
0,sent,prefix/seq=777,19.425000000
0,sent,prefix/seq=778,19.450000000
0,sent,prefix/seq=779,19.475000000
0,sent,prefix/seq=780,19.500000000
0,received,prefix/seq=755,19.503812918
0,received,prefix/seq=757,19.512428918
0,sent,prefix/seq=781,19.525000000
0,sent,prefix/seq=782,19.550000000
0,sent,prefix/seq=783,19.575000000
0,received,prefix/seq=758,19.578785435
0,received,prefix/seq=760,19.587513726
0,sent,prefix/seq=784,19.600000000
0,sent,prefix/seq=785,19.625000000
0,sent,prefix/seq=786,19.650000000
0,received,prefix/seq=761,19.653608746
0,received,prefix/seq=763,19.662250562
0,sent,prefix/seq=787,19.675000000
0,received,prefix/seq=764,19.687133496
0,sent,prefix/seq=788,19.700000000
0,received,prefix/seq=765,19.711958736
0,sent,prefix/seq=789,19.725000000
0,received,prefix/seq=746,19.737473633
0,received,prefix/seq=766,19.746089633
0,sent,prefix/seq=790,19.750000000
0,received,prefix/seq=767,19.761956000
0,sent,prefix/seq=791,19.775000000
0,received,prefix/seq=768,19.787519414
0,sent,prefix/seq=792,19.800000000
0,sent,prefix/seq=793,19.825000000
0,received,prefix/seq=770,19.837541826
0,sent,prefix/seq=794,19.850000000
0,received,prefix/seq=771,19.862130375
0,sent,prefix/seq=795,19.875000000
0,sent,prefix/seq=796,19.900000000
0,received,prefix/seq=773,19.912466056
0,sent,prefix/seq=797,19.925000000
0,received,prefix/seq=774,19.936972906
0,received,prefix/seq=754,19.945580906
0,sent,prefix/seq=798,19.950000000
0,sent,prefix/seq=799,19.975000000
0,received,prefix/seq=756,19.987332098
0,received,prefix/seq=776,19.995948098
0,sent,prefix/seq=800,20.000000000
0,received,prefix/seq=777,20.012522538
0,sent,prefix/seq=801,20.025000000
0,sent,prefix/seq=802,20.050000000
0,received,prefix/seq=779,20.062363450
0,sent,prefix/seq=803,20.075000000
0,received,prefix/seq=780,20.087036759
0,sent,prefix/seq=804,20.100000000
0,sent,prefix/seq=805,20.125000000
0,received,prefix/seq=782,20.136968939
0,sent,prefix/seq=806,20.150000000
0,received,prefix/seq=783,20.162273083
0,sent,prefix/seq=807,20.175000000
0,sent,prefix/seq=808,20.200000000
0,received,prefix/seq=785,20.211796719
0,sent,prefix/seq=809,20.225000000
0,received,prefix/seq=786,20.237410364
0,sent,prefix/seq=810,20.250000000
0,received,prefix/seq=787,20.262061833
0,sent,prefix/seq=811,20.275000000
0,received,prefix/seq=788,20.287581128
0,sent,prefix/seq=812,20.300000000
0,received,prefix/seq=789,20.311985323
0,received,prefix/seq=769,20.320593323
0,sent,prefix/seq=813,20.325000000
0,received,prefix/seq=790,20.337425688
0,sent,prefix/seq=814,20.350000000
0,sent,prefix/seq=815,20.375000000
0,received,prefix/seq=772,20.387066871
0,sent,prefix/seq=816,20.400000000
0,received,prefix/seq=791,20.404244337
0,received,prefix/seq=793,20.412860337
0,sent,prefix/seq=817,20.425000000
0,sent,prefix/seq=818,20.450000000
0,received,prefix/seq=795,20.461874343
0,sent,prefix/seq=819,20.475000000
0,received,prefix/seq=794,20.478926846
0,sent,prefix/seq=820,20.500000000
0,sent,prefix/seq=821,20.525000000
0,received,prefix/seq=796,20.528786179
0,sent,prefix/seq=822,20.550000000
0,received,prefix/seq=799,20.562465009
0,sent,prefix/seq=823,20.575000000
0,sent,prefix/seq=824,20.600000000
0,sent,prefix/seq=825,20.625000000
0,received,prefix/seq=800,20.629251661
0,received,prefix/seq=802,20.637867661
0,sent,prefix/seq=826,20.650000000
0,sent,prefix/seq=827,20.675000000
0,sent,prefix/seq=828,20.700000000
0,received,prefix/seq=803,20.703499675
0,received,prefix/seq=805,20.712516409
0,sent,prefix/seq=829,20.725000000
0,sent,prefix/seq=830,20.750000000
0,received,prefix/seq=807,20.762586835
0,sent,prefix/seq=831,20.775000000
0,received,prefix/seq=806,20.778843801
0,sent,prefix/seq=832,20.800000000
0,received,prefix/seq=809,20.812480006
0,sent,prefix/seq=833,20.825000000
0,received,prefix/seq=808,20.828725450
0,sent,prefix/seq=834,20.850000000
0,received,prefix/seq=811,20.862243689
0,sent,prefix/seq=835,20.875000000
0,received,prefix/seq=810,20.879131557
0,received,prefix/seq=792,20.887739557
0,sent,prefix/seq=836,20.900000000
0,received,prefix/seq=797,20.901279147
0,received,prefix/seq=813,20.912399428
0,sent,prefix/seq=837,20.925000000
0,received,prefix/seq=816,20.945219130
0,sent,prefix/seq=838,20.950000000
0,sent,prefix/seq=839,20.975000000
0,sent,prefix/seq=840,21.000000000
0,received,prefix/seq=817,21.012580367
0,sent,prefix/seq=841,21.025000000
0,received,prefix/seq=798,21.037312905
0,received,prefix/seq=818,21.045928905
0,sent,prefix/seq=842,21.050000000
0,received,prefix/seq=819,21.061894516
0,sent,prefix/seq=843,21.075000000
0,sent,prefix/seq=844,21.100000000
0,received,prefix/seq=821,21.112402731
0,sent,prefix/seq=845,21.125000000
0,received,prefix/seq=822,21.136978056
0,sent,prefix/seq=846,21.150000000
0,sent,prefix/seq=847,21.175000000
0,received,prefix/seq=824,21.186887644
0,sent,prefix/seq=848,21.200000000
0,received,prefix/seq=825,21.211800054
0,sent,prefix/seq=849,21.225000000
0,sent,prefix/seq=850,21.250000000
0,received,prefix/seq=827,21.261877314
0,sent,prefix/seq=851,21.275000000
0,received,prefix/seq=826,21.278482411
0,received,prefix/seq=828,21.287355628
0,sent,prefix/seq=852,21.300000000
0,sent,prefix/seq=853,21.325000000
0,received,prefix/seq=830,21.337221530
0,sent,prefix/seq=854,21.350000000
0,received,prefix/seq=831,21.362349493
0,sent,prefix/seq=855,21.375000000
0,received,prefix/seq=812,21.387413038
0,received,prefix/seq=832,21.396029038
0,sent,prefix/seq=856,21.400000000
0,received,prefix/seq=833,21.412553042
0,sent,prefix/seq=857,21.425000000
0,received,prefix/seq=814,21.436995140
0,received,prefix/seq=834,21.445611140
0,sent,prefix/seq=858,21.450000000
0,sent,prefix/seq=859,21.475000000
0,received,prefix/seq=836,21.487430051
0,sent,prefix/seq=860,21.500000000
0,sent,prefix/seq=861,21.525000000
0,sent,prefix/seq=862,21.550000000
0,received,prefix/seq=837,21.553839412
0,sent,prefix/seq=863,21.575000000
0,sent,prefix/seq=864,21.600000000
0,received,prefix/seq=839,21.604141726
0,received,prefix/seq=841,21.612757726
0,sent,prefix/seq=865,21.625000000
0,sent,prefix/seq=866,21.650000000
0,sent,prefix/seq=867,21.675000000
0,received,prefix/seq=842,21.679140561
0,received,prefix/seq=844,21.687756561
0,sent,prefix/seq=868,21.700000000
0,sent,prefix/seq=869,21.725000000
0,sent,prefix/seq=870,21.750000000
0,received,prefix/seq=845,21.753813434
0,received,prefix/seq=847,21.762429434
0,received,prefix/seq=849,21.771045434
0,sent,prefix/seq=871,21.775000000
0,received,prefix/seq=848,21.787027627
0,sent,prefix/seq=872,21.800000000
0,sent,prefix/seq=873,21.825000000
0,received,prefix/seq=850,21.837162213
0,sent,prefix/seq=874,21.850000000
0,received,prefix/seq=835,21.851055764
0,received,prefix/seq=851,21.862258767
0,sent,prefix/seq=875,21.875000000
0,sent,prefix/seq=876,21.900000000
0,received,prefix/seq=853,21.912154580
0,sent,prefix/seq=877,21.925000000
0,received,prefix/seq=852,21.928760269
0,sent,prefix/seq=878,21.950000000
0,sent,prefix/seq=879,21.975000000
0,received,prefix/seq=854,21.978841657
0,received,prefix/seq=856,21.987457657
0,sent,prefix/seq=880,22.000000000
0,sent,prefix/seq=881,22.025000000
0,received,prefix/seq=838,22.036841627
0,received,prefix/seq=858,22.045457627
0,sent,prefix/seq=882,22.050000000
0,sent,prefix/seq=883,22.075000000
0,received,prefix/seq=860,22.086981364
0,received,prefix/seq=840,22.095589364
0,sent,prefix/seq=884,22.100000000
0,received,prefix/seq=861,22.112392789
0,sent,prefix/seq=885,22.125000000
0,sent,prefix/seq=886,22.150000000
0,sent,prefix/seq=887,22.175000000
0,received,prefix/seq=864,22.187389078
0,sent,prefix/seq=888,22.200000000
0,received,prefix/seq=865,22.212548992
0,sent,prefix/seq=889,22.225000000
0,sent,prefix/seq=890,22.250000000
0,received,prefix/seq=867,22.262026320
0,received,prefix/seq=869,22.270736296
0,sent,prefix/seq=891,22.275000000
0,received,prefix/seq=868,22.287150571
0,sent,prefix/seq=892,22.300000000
0,received,prefix/seq=871,22.320871656
0,sent,prefix/seq=893,22.325000000
0,received,prefix/seq=870,22.336991362
0,sent,prefix/seq=894,22.350000000
0,received,prefix/seq=855,22.351065008
0,sent,prefix/seq=895,22.375000000
0,received,prefix/seq=872,22.387005837
0,sent,prefix/seq=896,22.400000000
0,received,prefix/seq=873,22.411833413
0,sent,prefix/seq=897,22.425000000
0,received,prefix/seq=874,22.437123068
0,sent,prefix/seq=898,22.450000000
0,sent,prefix/seq=899,22.475000000
0,received,prefix/seq=876,22.487520473
0,sent,prefix/seq=900,22.500000000
0,received,prefix/seq=857,22.512341046
0,received,prefix/seq=877,22.520957046
0,sent,prefix/seq=901,22.525000000
0,received,prefix/seq=878,22.537550226
0,sent,prefix/seq=902,22.550000000
0,sent,prefix/seq=903,22.575000000
0,received,prefix/seq=880,22.587220160
0,sent,prefix/seq=904,22.600000000
0,received,prefix/seq=879,22.604073033
0,sent,prefix/seq=905,22.625000000
0,sent,prefix/seq=906,22.650000000
0,received,prefix/seq=883,22.662459787
0,sent,prefix/seq=907,22.675000000
0,sent,prefix/seq=908,22.700000000
0,sent,prefix/seq=909,22.725000000
0,received,prefix/seq=884,22.728983466
0,sent,prefix/seq=910,22.750000000
0,received,prefix/seq=887,22.762543364
0,received,prefix/seq=889,22.771159364
0,sent,prefix/seq=911,22.775000000
0,received,prefix/seq=890,22.795443277
0,sent,prefix/seq=912,22.800000000
0,sent,prefix/seq=913,22.825000000
0,received,prefix/seq=888,22.828797221
0,sent,prefix/seq=914,22.850000000
0,received,prefix/seq=891,22.862517544
0,sent,prefix/seq=915,22.875000000
0,received,prefix/seq=892,22.887234521
0,sent,prefix/seq=916,22.900000000
0,sent,prefix/seq=917,22.925000000
0,sent,prefix/seq=918,22.950000000
0,received,prefix/seq=893,22.953957921
0,received,prefix/seq=875,22.962565921
0,received,prefix/seq=895,22.971181921
0,sent,prefix/seq=919,22.975000000
0,received,prefix/seq=896,22.987484619
0,sent,prefix/seq=920,23.000000000
0,received,prefix/seq=881,23.000973883
0,received,prefix/seq=899,23.020778944
0,sent,prefix/seq=921,23.025000000
0,sent,prefix/seq=922,23.050000000
0,received,prefix/seq=897,23.053766046
0,sent,prefix/seq=923,23.075000000
0,received,prefix/seq=900,23.087337699
0,sent,prefix/seq=924,23.100000000
0,sent,prefix/seq=925,23.125000000
0,received,prefix/seq=902,23.137109933
0,received,prefix/seq=882,23.145717933
0,sent,prefix/seq=926,23.150000000
0,received,prefix/seq=903,23.162260573
0,sent,prefix/seq=927,23.175000000
0,sent,prefix/seq=928,23.200000000
0,received,prefix/seq=905,23.212541061
0,sent,prefix/seq=929,23.225000000
0,received,prefix/seq=909,23.229253141
0,received,prefix/seq=906,23.237869141
0,sent,prefix/seq=930,23.250000000
0,sent,prefix/seq=931,23.275000000
0,received,prefix/seq=910,23.295728657
0,sent,prefix/seq=932,23.300000000
0,sent,prefix/seq=933,23.325000000
0,received,prefix/seq=908,23.329145077
0,sent,prefix/seq=934,23.350000000
0,received,prefix/seq=911,23.361973875
0,sent,prefix/seq=935,23.375000000
0,sent,prefix/seq=936,23.400000000
0,sent,prefix/seq=937,23.425000000
0,received,prefix/seq=912,23.429185614
0,received,prefix/seq=894,23.437793614
0,received,prefix/seq=914,23.446409614
0,sent,prefix/seq=938,23.450000000
0,received,prefix/seq=915,23.461936101
0,sent,prefix/seq=939,23.475000000
0,received,prefix/seq=918,23.495590429
0,sent,prefix/seq=940,23.500000000
0,sent,prefix/seq=941,23.525000000
0,received,prefix/seq=916,23.529003980
0,received,prefix/seq=898,23.537611980
0,sent,prefix/seq=942,23.550000000
0,received,prefix/seq=919,23.561918465
0,sent,prefix/seq=943,23.575000000
0,received,prefix/seq=920,23.587547493
0,sent,prefix/seq=944,23.600000000
0,sent,prefix/seq=945,23.625000000
0,sent,prefix/seq=946,23.650000000
0,received,prefix/seq=921,23.653652562
0,received,prefix/seq=923,23.662268562
0,sent,prefix/seq=947,23.675000000
0,sent,prefix/seq=948,23.700000000
0,received,prefix/seq=925,23.712195773
0,sent,prefix/seq=949,23.725000000
0,received,prefix/seq=926,23.737019592
0,sent,prefix/seq=950,23.750000000
0,received,prefix/seq=929,23.770232361
0,sent,prefix/seq=951,23.775000000
0,received,prefix/seq=928,23.787466819
0,sent,prefix/seq=952,23.800000000
0,sent,prefix/seq=953,23.825000000
0,received,prefix/seq=930,23.837526182
0,sent,prefix/seq=954,23.850000000
0,received,prefix/seq=931,23.861825103
0,sent,prefix/seq=955,23.875000000
0,sent,prefix/seq=956,23.900000000
0,received,prefix/seq=917,23.900740595
0,received,prefix/seq=933,23.911795646
0,sent,prefix/seq=957,23.925000000
0,received,prefix/seq=934,23.937037561
0,sent,prefix/seq=958,23.950000000
0,received,prefix/seq=937,23.970920593
0,sent,prefix/seq=959,23.975000000
0,sent,prefix/seq=960,24.000000000
0,received,prefix/seq=935,24.004251132
0,sent,prefix/seq=961,24.025000000
0,received,prefix/seq=938,24.037106398
0,sent,prefix/seq=962,24.050000000
0,received,prefix/seq=939,24.062125830
0,sent,prefix/seq=963,24.075000000
0,sent,prefix/seq=964,24.100000000
0,received,prefix/seq=941,24.112378653
0,sent,prefix/seq=965,24.125000000
0,received,prefix/seq=922,24.136849829
0,received,prefix/seq=942,24.145465829
0,sent,prefix/seq=966,24.150000000
0,sent,prefix/seq=967,24.175000000
0,received,prefix/seq=924,24.186996297
0,received,prefix/seq=946,24.195612297
0,sent,prefix/seq=968,24.200000000
0,received,prefix/seq=945,24.212538795
0,sent,prefix/seq=969,24.225000000
0,sent,prefix/seq=970,24.250000000
0,received,prefix/seq=949,24.270803075
0,sent,prefix/seq=971,24.275000000
0,received,prefix/seq=948,24.287202116
0,sent,prefix/seq=972,24.300000000
0,received,prefix/seq=951,24.320683551
0,sent,prefix/seq=973,24.325000000
0,received,prefix/seq=950,24.336841522
0,sent,prefix/seq=974,24.350000000
0,sent,prefix/seq=975,24.375000000
0,received,prefix/seq=952,24.387219056
0,sent,prefix/seq=976,24.400000000
0,received,prefix/seq=953,24.411929228
0,sent,prefix/seq=977,24.425000000
0,received,prefix/seq=956,24.445222054
0,sent,prefix/seq=978,24.450000000
0,sent,prefix/seq=979,24.475000000
0,received,prefix/seq=954,24.478685979
0,received,prefix/seq=936,24.487429257
0,sent,prefix/seq=980,24.500000000
0,received,prefix/seq=957,24.512217208
0,sent,prefix/seq=981,24.525000000
0,received,prefix/seq=958,24.537435350
0,sent,prefix/seq=982,24.550000000
0,sent,prefix/seq=983,24.575000000
0,received,prefix/seq=960,24.587190769
0,received,prefix/seq=940,24.595798769
0,sent,prefix/seq=984,24.600000000
0,received,prefix/seq=961,24.612449505
0,sent,prefix/seq=985,24.625000000
0,sent,prefix/seq=986,24.650000000
0,received,prefix/seq=963,24.662422361
0,sent,prefix/seq=987,24.675000000
0,received,prefix/seq=962,24.678709790
0,sent,prefix/seq=988,24.700000000
0,sent,prefix/seq=989,24.725000000
0,received,prefix/seq=964,24.728994990
0,received,prefix/seq=968,24.745698760
0,sent,prefix/seq=990,24.750000000
0,sent,prefix/seq=991,24.775000000
0,sent,prefix/seq=992,24.800000000
0,received,prefix/seq=969,24.812161797
0,sent,prefix/seq=993,24.825000000
0,received,prefix/seq=970,24.836810103
0,sent,prefix/seq=994,24.850000000
0,received,prefix/seq=971,24.862361892
0,sent,prefix/seq=995,24.875000000
0,received,prefix/seq=972,24.887027055
0,sent,prefix/seq=996,24.900000000
0,received,prefix/seq=975,24.920213623
0,sent,prefix/seq=997,24.925000000
0,sent,prefix/seq=998,24.950000000
0,received,prefix/seq=973,24.953476030
0,received,prefix/seq=955,24.962325521
0,sent,prefix/seq=999,24.975000000
0,received,prefix/seq=976,24.987364885
0,sent,prefix/seq=1000,25.000000000
0,received,prefix/seq=977,25.012561684
0,sent,prefix/seq=1001,25.025000000
0,sent,prefix/seq=1002,25.050000000
0,sent,prefix/seq=1003,25.075000000
0,received,prefix/seq=978,25.079137610
0,received,prefix/seq=980,25.087753610
0,sent,prefix/seq=1004,25.100000000
0,received,prefix/seq=965,25.101019040
0,sent,prefix/seq=1005,25.125000000
0,sent,prefix/seq=1006,25.150000000
0,received,prefix/seq=981,25.153735586
0,received,prefix/seq=983,25.162394221
0,sent,prefix/seq=1007,25.175000000
0,received,prefix/seq=984,25.187122442
0,sent,prefix/seq=1008,25.200000000
0,sent,prefix/seq=1009,25.225000000
0,received,prefix/seq=986,25.236969459
0,received,prefix/seq=966,25.245577459
0,sent,prefix/seq=1010,25.250000000
0,received,prefix/seq=987,25.262025277
0,sent,prefix/seq=1011,25.275000000
0,sent,prefix/seq=1012,25.300000000
0,received,prefix/seq=989,25.312263669
0,sent,prefix/seq=1013,25.325000000
0,received,prefix/seq=992,25.345920131
0,sent,prefix/seq=1014,25.350000000
0,sent,prefix/seq=1015,25.375000000
0,received,prefix/seq=990,25.378867438
0,sent,prefix/seq=1016,25.400000000
0,received,prefix/seq=993,25.412364391
0,sent,prefix/seq=1017,25.425000000
0,received,prefix/seq=994,25.436829979
0,sent,prefix/seq=1018,25.450000000
0,received,prefix/seq=995,25.462434147
0,sent,prefix/seq=1019,25.475000000
0,received,prefix/seq=996,25.486967159
0,sent,prefix/seq=1020,25.500000000
0,sent,prefix/seq=1021,25.525000000
0,sent,prefix/seq=1022,25.550000000
0,received,prefix/seq=997,25.554158151
0,received,prefix/seq=979,25.562766151
0,received,prefix/seq=999,25.571382151
0,sent,prefix/seq=1023,25.575000000
0,received,prefix/seq=1000,25.587231807
0,sent,prefix/seq=1024,25.600000000
0,sent,prefix/seq=1025,25.625000000
0,received,prefix/seq=982,25.637183241
0,received,prefix/seq=1002,25.645799241
0,sent,prefix/seq=1026,25.650000000
0,received,prefix/seq=1003,25.662009234
0,sent,prefix/seq=1027,25.675000000
0,sent,prefix/seq=1028,25.700000000
0,received,prefix/seq=1005,25.711829219
0,sent,prefix/seq=1029,25.725000000
0,received,prefix/seq=1006,25.737396166
0,sent,prefix/seq=1030,25.750000000
0,sent,prefix/seq=1031,25.775000000
0,sent,prefix/seq=1032,25.800000000
0,received,prefix/seq=1007,25.804249793
0,received,prefix/seq=1009,25.812865793
0,sent,prefix/seq=1033,25.825000000
0,received,prefix/seq=1012,25.845512000
0,sent,prefix/seq=1034,25.850000000
0,sent,prefix/seq=1035,25.875000000
0,received,prefix/seq=1010,25.878542082
0,sent,prefix/seq=1036,25.900000000
0,received,prefix/seq=1013,25.912391213
0,sent,prefix/seq=1037,25.925000000
0,received,prefix/seq=1016,25.945183618
0,sent,prefix/seq=1038,25.950000000
0,sent,prefix/seq=1039,25.975000000
0,received,prefix/seq=1014,25.979225025
0,sent,prefix/seq=1040,26.000000000
0,received,prefix/seq=1017,26.012315692
0,sent,prefix/seq=1041,26.025000000
0,received,prefix/seq=998,26.036865271
0,received,prefix/seq=1018,26.045481271
0,sent,prefix/seq=1042,26.050000000
0,received,prefix/seq=1019,26.062269526
0,sent,prefix/seq=1043,26.075000000
0,sent,prefix/seq=1044,26.100000000
0,received,prefix/seq=1001,26.112231422
0,sent,prefix/seq=1045,26.125000000
0,received,prefix/seq=1020,26.128788580
0,received,prefix/seq=1022,26.137450984
0,sent,prefix/seq=1046,26.150000000
0,sent,prefix/seq=1047,26.175000000
0,received,prefix/seq=1026,26.195397089
0,sent,prefix/seq=1048,26.200000000
0,received,prefix/seq=1023,26.204025857
0,sent,prefix/seq=1049,26.225000000
0,sent,prefix/seq=1050,26.250000000
0,received,prefix/seq=1027,26.262357988
0,received,prefix/seq=1029,26.270973988
0,sent,prefix/seq=1051,26.275000000
0,received,prefix/seq=1008,26.287044274
0,sent,prefix/seq=1052,26.300000000
0,sent,prefix/seq=1053,26.325000000
0,received,prefix/seq=1030,26.337105735
0,received,prefix/seq=1032,26.345721735
0,sent,prefix/seq=1054,26.350000000
0,sent,prefix/seq=1055,26.375000000
0,received,prefix/seq=1034,26.395342552
0,sent,prefix/seq=1056,26.400000000
0,received,prefix/seq=1033,26.412004939
0,received,prefix/seq=1035,26.420638739
0,sent,prefix/seq=1057,26.425000000
0,sent,prefix/seq=1058,26.450000000
0,sent,prefix/seq=1059,26.475000000
0,received,prefix/seq=1036,26.487018459
0,sent,prefix/seq=1060,26.500000000
0,received,prefix/seq=1037,26.512453026
0,sent,prefix/seq=1061,26.525000000
0,sent,prefix/seq=1062,26.550000000
0,received,prefix/seq=1039,26.561804521
0,sent,prefix/seq=1063,26.575000000
0,received,prefix/seq=1038,26.578639495
0,sent,prefix/seq=1064,26.600000000
0,received,prefix/seq=1041,26.612014047
0,received,prefix/seq=1021,26.620622047
0,sent,prefix/seq=1065,26.625000000
0,received,prefix/seq=1042,26.637412687
0,sent,prefix/seq=1066,26.650000000
0,sent,prefix/seq=1067,26.675000000
0,received,prefix/seq=1024,26.687025389
0,received,prefix/seq=1044,26.695641389
0,sent,prefix/seq=1068,26.700000000
0,received,prefix/seq=1045,26.712242216
0,sent,prefix/seq=1069,26.725000000
0,sent,prefix/seq=1070,26.750000000
0,received,prefix/seq=1047,26.761956802
0,sent,prefix/seq=1071,26.775000000
0,received,prefix/seq=1048,26.787351480
0,sent,prefix/seq=1072,26.800000000
0,sent,prefix/seq=1073,26.825000000
0,received,prefix/seq=1050,26.836927160
0,sent,prefix/seq=1074,26.850000000
0,received,prefix/seq=1051,26.862413765
0,received,prefix/seq=1053,26.871381765
0,sent,prefix/seq=1075,26.875000000
0,received,prefix/seq=1054,26.895511772
0,sent,prefix/seq=1076,26.900000000
0,sent,prefix/seq=1077,26.925000000
0,sent,prefix/seq=1078,26.950000000
0,received,prefix/seq=1055,26.962095290
0,sent,prefix/seq=1079,26.975000000
0,received,prefix/seq=1056,26.987107035
0,sent,prefix/seq=1080,27.000000000
0,sent,prefix/seq=1081,27.025000000
0,sent,prefix/seq=1082,27.050000000
0,received,prefix/seq=1057,27.053630825
0,received,prefix/seq=1059,27.062246825
0,sent,prefix/seq=1083,27.075000000
0,received,prefix/seq=1040,27.086850260
0,received,prefix/seq=1060,27.095466260
0,sent,prefix/seq=1084,27.100000000
0,received,prefix/seq=1061,27.112225548
0,sent,prefix/seq=1085,27.125000000
0,received,prefix/seq=1062,27.137234031
0,sent,prefix/seq=1086,27.150000000
0,received,prefix/seq=1043,27.161845386
0,received,prefix/seq=1063,27.170461386
0,sent,prefix/seq=1087,27.175000000
0,sent,prefix/seq=1088,27.200000000
0,sent,prefix/seq=1089,27.225000000
0,sent,prefix/seq=1090,27.250000000
0,received,prefix/seq=1065,27.254218432
0,received,prefix/seq=1067,27.262834432
0,sent,prefix/seq=1091,27.275000000
0,sent,prefix/seq=1092,27.300000000
0,received,prefix/seq=1049,27.312021429
0,sent,prefix/seq=1093,27.325000000
0,received,prefix/seq=1073,27.328504677
0,received,prefix/seq=1068,27.337120677
0,received,prefix/seq=1070,27.345736677
0,sent,prefix/seq=1094,27.350000000
0,sent,prefix/seq=1095,27.375000000
0,received,prefix/seq=1074,27.395299916
0,sent,prefix/seq=1096,27.400000000
0,received,prefix/seq=1071,27.403915916
0,sent,prefix/seq=1097,27.425000000
0,sent,prefix/seq=1098,27.450000000
0,received,prefix/seq=1075,27.461927248
0,sent,prefix/seq=1099,27.475000000
0,received,prefix/seq=1076,27.486924271
0,sent,prefix/seq=1100,27.500000000
0,sent,prefix/seq=1101,27.525000000
0,received,prefix/seq=1078,27.537192630
0,sent,prefix/seq=1102,27.550000000
0,received,prefix/seq=1079,27.562551935
0,sent,prefix/seq=1103,27.575000000
0,sent,prefix/seq=1104,27.600000000
0,received,prefix/seq=1081,27.611898951
0,sent,prefix/seq=1105,27.625000000
0,received,prefix/seq=1080,27.628672323
0,sent,prefix/seq=1106,27.650000000
0,sent,prefix/seq=1107,27.675000000
0,received,prefix/seq=1082,27.678872818
0,received,prefix/seq=1064,27.687480818
0,received,prefix/seq=1084,27.696096818
0,sent,prefix/seq=1108,27.700000000
0,received,prefix/seq=1085,27.712463580
0,sent,prefix/seq=1109,27.725000000
0,received,prefix/seq=1066,27.737040348
0,sent,prefix/seq=1110,27.750000000
0,received,prefix/seq=1087,27.762288196
0,sent,prefix/seq=1111,27.775000000
0,sent,prefix/seq=1112,27.800000000
0,received,prefix/seq=1089,27.812448702
0,received,prefix/seq=1091,27.821416702
0,sent,prefix/seq=1113,27.825000000
0,received,prefix/seq=1090,27.836904058
0,sent,prefix/seq=1114,27.850000000
0,received,prefix/seq=1093,27.870413550
0,sent,prefix/seq=1115,27.875000000
0,sent,prefix/seq=1116,27.900000000
0,sent,prefix/seq=1117,27.925000000
0,received,prefix/seq=1094,27.936965761
0,sent,prefix/seq=1118,27.950000000
0,received,prefix/seq=1095,27.962057963
0,sent,prefix/seq=1119,27.975000000
0,sent,prefix/seq=1120,28.000000000
0,received,prefix/seq=1097,28.012517764
0,sent,prefix/seq=1121,28.025000000
0,received,prefix/seq=1098,28.037411792
0,sent,prefix/seq=1122,28.050000000
0,sent,prefix/seq=1123,28.075000000
0,sent,prefix/seq=1124,28.100000000
0,received,prefix/seq=1099,28.103584843
0,received,prefix/seq=1101,28.112200843
0,sent,prefix/seq=1125,28.125000000
0,received,prefix/seq=1102,28.137375557
0,sent,prefix/seq=1126,28.150000000
0,received,prefix/seq=1083,28.162150458
0,received,prefix/seq=1103,28.170766458
0,sent,prefix/seq=1127,28.175000000
0,received,prefix/seq=1104,28.187085360
0,sent,prefix/seq=1128,28.200000000
0,sent,prefix/seq=1129,28.225000000
0,received,prefix/seq=1086,28.237289619
0,sent,prefix/seq=1130,28.250000000
0,received,prefix/seq=1105,28.254227208
0,received,prefix/seq=1107,28.262843208
0,sent,prefix/seq=1131,28.275000000
0,received,prefix/seq=1108,28.286810552
0,sent,prefix/seq=1132,28.300000000
0,received,prefix/seq=1111,28.320680667
0,sent,prefix/seq=1133,28.325000000
0,sent,prefix/seq=1134,28.350000000
0,received,prefix/seq=1113,28.370304824
0,sent,prefix/seq=1135,28.375000000
0,received,prefix/seq=1112,28.386946823
0,received,prefix/seq=1092,28.395554823
0,sent,prefix/seq=1136,28.400000000
0,sent,prefix/seq=1137,28.425000000
0,received,prefix/seq=1114,28.437311268
0,sent,prefix/seq=1138,28.450000000
0,sent,prefix/seq=1139,28.475000000
0,received,prefix/seq=1116,28.487164479
0,sent,prefix/seq=1140,28.500000000
0,received,prefix/seq=1117,28.512082441
0,sent,prefix/seq=1141,28.525000000
0,sent,prefix/seq=1142,28.550000000
0,sent,prefix/seq=1143,28.575000000
0,received,prefix/seq=1118,28.578596086
0,received,prefix/seq=1120,28.587550938
0,sent,prefix/seq=1144,28.600000000
0,received,prefix/seq=1121,28.611956873
0,sent,prefix/seq=1145,28.625000000
0,sent,prefix/seq=1146,28.650000000
0,received,prefix/seq=1123,28.662276557
0,sent,prefix/seq=1147,28.675000000
0,received,prefix/seq=1122,28.678471666
0,sent,prefix/seq=1148,28.700000000
0,received,prefix/seq=1125,28.712465701
0,sent,prefix/seq=1149,28.725000000
0,received,prefix/seq=1124,28.729123735
0,received,prefix/seq=1106,28.737731735
0,sent,prefix/seq=1150,28.750000000
0,received,prefix/seq=1127,28.762464555
0,sent,prefix/seq=1151,28.775000000
0,sent,prefix/seq=1152,28.800000000
0,received,prefix/seq=1109,28.812342861
0,received,prefix/seq=1131,28.820958861
0,sent,prefix/seq=1153,28.825000000
0,received,prefix/seq=1130,28.836884830
0,received,prefix/seq=1132,28.845500830
0,sent,prefix/seq=1154,28.850000000
0,sent,prefix/seq=1155,28.875000000
0,sent,prefix/seq=1156,28.900000000
0,received,prefix/seq=1133,28.911814595
0,sent,prefix/seq=1157,28.925000000
0,received,prefix/seq=1134,28.937466107
0,sent,prefix/seq=1158,28.950000000
0,sent,prefix/seq=1159,28.975000000
0,received,prefix/seq=1136,28.987219687
0,sent,prefix/seq=1160,29.000000000
0,received,prefix/seq=1137,29.012253664
0,sent,prefix/seq=1161,29.025000000
0,sent,prefix/seq=1162,29.050000000
0,received,prefix/seq=1139,29.061852101
0,sent,prefix/seq=1163,29.075000000
0,received,prefix/seq=1140,29.087517047
0,sent,prefix/seq=1164,29.100000000
0,sent,prefix/seq=1165,29.125000000
0,received,prefix/seq=1142,29.137226206
0,sent,prefix/seq=1166,29.150000000
0,received,prefix/seq=1143,29.162252380
0,sent,prefix/seq=1167,29.175000000
0,received,prefix/seq=1144,29.187137133
0,sent,prefix/seq=1168,29.200000000
0,received,prefix/seq=1145,29.212248758
0,sent,prefix/seq=1169,29.225000000
0,received,prefix/seq=1146,29.237031241
0,received,prefix/seq=1126,29.245639241
0,sent,prefix/seq=1170,29.250000000
0,received,prefix/seq=1147,29.261896466
0,sent,prefix/seq=1171,29.275000000
0,received,prefix/seq=1128,29.286821438
0,received,prefix/seq=1148,29.295437438
0,sent,prefix/seq=1172,29.300000000
0,sent,prefix/seq=1173,29.325000000
0,received,prefix/seq=1152,29.345842506
0,sent,prefix/seq=1174,29.350000000
0,sent,prefix/seq=1175,29.375000000
0,received,prefix/seq=1150,29.379086401
0,sent,prefix/seq=1176,29.400000000
0,received,prefix/seq=1153,29.412561154
0,sent,prefix/seq=1177,29.425000000
0,sent,prefix/seq=1178,29.450000000
0,received,prefix/seq=1155,29.461946997
0,received,prefix/seq=1135,29.470554997
0,sent,prefix/seq=1179,29.475000000
0,received,prefix/seq=1156,29.486878045
0,sent,prefix/seq=1180,29.500000000
0,sent,prefix/seq=1181,29.525000000
0,sent,prefix/seq=1182,29.550000000
0,received,prefix/seq=1157,29.554244820
0,received,prefix/seq=1159,29.562860820
0,sent,prefix/seq=1183,29.575000000
0,sent,prefix/seq=1184,29.600000000
0,sent,prefix/seq=1185,29.625000000
0,received,prefix/seq=1160,29.629213780
0,received,prefix/seq=1162,29.637829780
0,sent,prefix/seq=1186,29.650000000
0,sent,prefix/seq=1187,29.675000000
0,received,prefix/seq=1164,29.687423668
0,sent,prefix/seq=1188,29.700000000
0,received,prefix/seq=1163,29.703906834
0,received,prefix/seq=1165,29.712522834
0,sent,prefix/seq=1189,29.725000000
0,sent,prefix/seq=1190,29.750000000
0,received,prefix/seq=1167,29.762477984
0,sent,prefix/seq=1191,29.775000000
0,received,prefix/seq=1166,29.779003665
0,sent,prefix/seq=1192,29.800000000
0,received,prefix/seq=1149,29.812190731
0,sent,prefix/seq=1193,29.825000000
0,received,prefix/seq=1168,29.828707360
0,received,prefix/seq=1170,29.837356091
0,sent,prefix/seq=1194,29.850000000
0,received,prefix/seq=1151,29.861960059
0,sent,prefix/seq=1195,29.875000000
0,received,prefix/seq=1172,29.886995280
0,sent,prefix/seq=1196,29.900000000
0,received,prefix/seq=1173,29.912021755
0,sent,prefix/seq=1197,29.925000000
0,sent,prefix/seq=1198,29.950000000
0,received,prefix/seq=1175,29.962562372
0,sent,prefix/seq=1199,29.975000000
0,sent,prefix/seq=1200,30.000000000
0,sent,prefix/seq=1201,30.025000000
0,received,prefix/seq=1176,30.028590994
0,received,prefix/seq=1178,30.037226752
0,sent,prefix/seq=1202,30.050000000
0,received,prefix/seq=1179,30.062273460
0,sent,prefix/seq=1203,30.075000000
0,sent,prefix/seq=1204,30.100000000
0,sent,prefix/seq=1205,30.125000000
0,received,prefix/seq=1182,30.137120719
0,sent,prefix/seq=1206,30.150000000
0,received,prefix/seq=1183,30.162469992
0,sent,prefix/seq=1207,30.175000000
0,received,prefix/seq=1184,30.187381926
0,sent,prefix/seq=1208,30.200000000
0,received,prefix/seq=1169,30.201228482
0,received,prefix/seq=1185,30.211940299
0,sent,prefix/seq=1209,30.225000000
0,received,prefix/seq=1186,30.237096723
0,sent,prefix/seq=1210,30.250000000
0,received,prefix/seq=1187,30.262213661
0,sent,prefix/seq=1211,30.275000000
0,received,prefix/seq=1188,30.287136358
0,sent,prefix/seq=1212,30.300000000
0,received,prefix/seq=1189,30.312017896
0,sent,prefix/seq=1213,30.325000000
0,received,prefix/seq=1190,30.337186815
0,sent,prefix/seq=1214,30.350000000
0,received,prefix/seq=1171,30.362474271
0,sent,prefix/seq=1215,30.375000000
0,received,prefix/seq=1192,30.387107941
0,sent,prefix/seq=1216,30.400000000
0,sent,prefix/seq=1217,30.425000000
0,sent,prefix/seq=1218,30.450000000
0,received,prefix/seq=1193,30.453843635
0,received,prefix/seq=1195,30.462459635
0,sent,prefix/seq=1219,30.475000000
0,sent,prefix/seq=1220,30.500000000
0,received,prefix/seq=1197,30.512044823
0,received,prefix/seq=1177,30.520652823
0,sent,prefix/seq=1221,30.525000000
0,received,prefix/seq=1198,30.536795077
0,sent,prefix/seq=1222,30.550000000
0,sent,prefix/seq=1223,30.575000000
0,received,prefix/seq=1200,30.586902723
0,sent,prefix/seq=1224,30.600000000
0,received,prefix/seq=1201,30.611970115
0,sent,prefix/seq=1225,30.625000000
0,sent,prefix/seq=1226,30.650000000
0,sent,prefix/seq=1227,30.675000000
0,received,prefix/seq=1202,30.679010742
0,received,prefix/seq=1204,30.687626742
0,sent,prefix/seq=1228,30.700000000
0,sent,prefix/seq=1229,30.725000000
0,received,prefix/seq=1206,30.737119668
0,sent,prefix/seq=1230,30.750000000
0,received,prefix/seq=1205,30.753889476
0,received,prefix/seq=1209,30.770660282
0,sent,prefix/seq=1231,30.775000000
0,received,prefix/seq=1208,30.787133080
0,sent,prefix/seq=1232,30.800000000
0,sent,prefix/seq=1233,30.825000000
0,received,prefix/seq=1210,30.836794553
0,sent,prefix/seq=1234,30.850000000
0,received,prefix/seq=1211,30.862107452
0,received,prefix/seq=1191,30.870715452
0,sent,prefix/seq=1235,30.875000000
0,received,prefix/seq=1212,30.887463275
0,sent,prefix/seq=1236,30.900000000
0,sent,prefix/seq=1237,30.925000000
0,received,prefix/seq=1194,30.937118909
0,sent,prefix/seq=1238,30.950000000
0,received,prefix/seq=1213,30.954133181
0,received,prefix/seq=1215,30.962749181
0,sent,prefix/seq=1239,30.975000000
0,sent,prefix/seq=1240,31.000000000
0,received,prefix/seq=1217,31.011999233
0,sent,prefix/seq=1241,31.025000000
0,sent,prefix/seq=1242,31.050000000
0,sent,prefix/seq=1243,31.075000000
0,received,prefix/seq=1218,31.079094863
0,received,prefix/seq=1220,31.087710863
0,sent,prefix/seq=1244,31.100000000
0,sent,prefix/seq=1245,31.125000000
0,sent,prefix/seq=1246,31.150000000
0,received,prefix/seq=1221,31.153603586
0,received,prefix/seq=1223,31.162368322
0,sent,prefix/seq=1247,31.175000000
0,received,prefix/seq=1224,31.187499890
0,sent,prefix/seq=1248,31.200000000
0,sent,prefix/seq=1249,31.225000000
0,received,prefix/seq=1226,31.237166816
0,sent,prefix/seq=1250,31.250000000
0,received,prefix/seq=1227,31.261967137
0,received,prefix/seq=1207,31.270575137
0,sent,prefix/seq=1251,31.275000000
0,received,prefix/seq=1228,31.287207246
0,sent,prefix/seq=1252,31.300000000
0,received,prefix/seq=1229,31.312486757
0,sent,prefix/seq=1253,31.325000000
0,received,prefix/seq=1230,31.337356105
0,sent,prefix/seq=1254,31.350000000
0,received,prefix/seq=1231,31.362562154
0,sent,prefix/seq=1255,31.375000000
0,sent,prefix/seq=1256,31.400000000
0,received,prefix/seq=1233,31.411812928
0,sent,prefix/seq=1257,31.425000000
0,received,prefix/seq=1232,31.428632479
0,received,prefix/seq=1214,31.437522204
0,sent,prefix/seq=1258,31.450000000
0,received,prefix/seq=1235,31.462080535
0,sent,prefix/seq=1259,31.475000000
0,received,prefix/seq=1238,31.495658639
0,sent,prefix/seq=1260,31.500000000
0,sent,prefix/seq=1261,31.525000000
0,sent,prefix/seq=1262,31.550000000
0,received,prefix/seq=1219,31.561918661
0,received,prefix/seq=1239,31.570534661
0,sent,prefix/seq=1263,31.575000000
0,received,prefix/seq=1240,31.587429853
0,sent,prefix/seq=1264,31.600000000
0,sent,prefix/seq=1265,31.625000000
0,sent,prefix/seq=1266,31.650000000
0,received,prefix/seq=1243,31.661856974
0,sent,prefix/seq=1267,31.675000000
0,received,prefix/seq=1244,31.686858040
0,sent,prefix/seq=1268,31.700000000
0,received,prefix/seq=1245,31.711974933
0,sent,prefix/seq=1269,31.725000000
0,received,prefix/seq=1246,31.737395922
0,sent,prefix/seq=1270,31.750000000
0,sent,prefix/seq=1271,31.775000000
0,received,prefix/seq=1248,31.787294385
0,sent,prefix/seq=1272,31.800000000
0,received,prefix/seq=1247,31.803531260
0,received,prefix/seq=1251,31.820585922
0,sent,prefix/seq=1273,31.825000000
0,sent,prefix/seq=1274,31.850000000
0,received,prefix/seq=1249,31.853937864
0,sent,prefix/seq=1275,31.875000000
0,received,prefix/seq=1252,31.886831933
0,sent,prefix/seq=1276,31.900000000
0,received,prefix/seq=1253,31.911954341
0,sent,prefix/seq=1277,31.925000000
0,received,prefix/seq=1254,31.937092785
0,received,prefix/seq=1234,31.945700785
0,sent,prefix/seq=1278,31.950000000
0,sent,prefix/seq=1279,31.975000000
0,received,prefix/seq=1236,31.986971043
0,received,prefix/seq=1256,31.995587043
0,sent,prefix/seq=1280,32.000000000
0,received,prefix/seq=1257,32.012241704
0,sent,prefix/seq=1281,32.025000000
0,received,prefix/seq=1258,32.037566916
0,sent,prefix/seq=1282,32.050000000
0,sent,prefix/seq=1283,32.075000000
0,sent,prefix/seq=1284,32.100000000
0,received,prefix/seq=1259,32.103896430
0,sent,prefix/seq=1285,32.125000000
0,sent,prefix/seq=1286,32.150000000
0,received,prefix/seq=1263,32.161946053
0,sent,prefix/seq=1287,32.175000000
0,received,prefix/seq=1266,32.195852610
0,sent,prefix/seq=1288,32.200000000
0,sent,prefix/seq=1289,32.225000000
0,received,prefix/seq=1264,32.228515675
0,sent,prefix/seq=1290,32.250000000
0,received,prefix/seq=1267,32.262514158
0,sent,prefix/seq=1291,32.275000000
0,received,prefix/seq=1268,32.286823163
0,received,prefix/seq=1270,32.295872420
0,sent,prefix/seq=1292,32.300000000
0,received,prefix/seq=1269,32.311897089
0,sent,prefix/seq=1293,32.325000000
0,received,prefix/seq=1250,32.337519108
0,sent,prefix/seq=1294,32.350000000
0,received,prefix/seq=1271,32.361804394
0,sent,prefix/seq=1295,32.375000000
0,received,prefix/seq=1272,32.387189624
0,sent,prefix/seq=1296,32.400000000
0,sent,prefix/seq=1297,32.425000000
0,received,prefix/seq=1274,32.437341700
0,sent,prefix/seq=1298,32.450000000
0,received,prefix/seq=1273,32.453612796
0,received,prefix/seq=1255,32.462220796
0,received,prefix/seq=1275,32.470836796
0,sent,prefix/seq=1299,32.475000000
0,sent,prefix/seq=1300,32.500000000
0,received,prefix/seq=1279,32.520308248
0,sent,prefix/seq=1301,32.525000000
0,received,prefix/seq=1276,32.529254649
0,sent,prefix/seq=1302,32.550000000
0,sent,prefix/seq=1303,32.575000000
0,received,prefix/seq=1260,32.586796520
0,sent,prefix/seq=1304,32.600000000
0,received,prefix/seq=1281,32.612218596
0,sent,prefix/seq=1305,32.625000000
0,received,prefix/seq=1282,32.636833500
0,sent,prefix/seq=1306,32.650000000
0,sent,prefix/seq=1307,32.675000000
0,received,prefix/seq=1286,32.695235127
0,sent,prefix/seq=1308,32.700000000
0,sent,prefix/seq=1309,32.725000000
0,received,prefix/seq=1284,32.729147966
0,sent,prefix/seq=1310,32.750000000
0,received,prefix/seq=1287,32.761788608
0,received,prefix/seq=1289,32.770756608
0,sent,prefix/seq=1311,32.775000000
0,sent,prefix/seq=1312,32.800000000
0,sent,prefix/seq=1313,32.825000000
0,received,prefix/seq=1288,32.828812555
0,received,prefix/seq=1290,32.837428555
0,sent,prefix/seq=1314,32.850000000
0,received,prefix/seq=1291,32.862450673
0,sent,prefix/seq=1315,32.875000000
0,sent,prefix/seq=1316,32.900000000
0,received,prefix/seq=1277,32.901275563
0,sent,prefix/seq=1317,32.925000000
0,received,prefix/seq=1292,32.928810987
0,received,prefix/seq=1294,32.937426987
0,sent,prefix/seq=1318,32.950000000
0,received,prefix/seq=1295,32.962123237
0,sent,prefix/seq=1319,32.975000000
0,received,prefix/seq=1296,32.987126585
0,sent,prefix/seq=1320,33.000000000
0,received,prefix/seq=1297,33.012136897
0,sent,prefix/seq=1321,33.025000000
0,received,prefix/seq=1278,33.037532906
0,sent,prefix/seq=1322,33.050000000
0,received,prefix/seq=1299,33.062187593
0,sent,prefix/seq=1323,33.075000000
0,received,prefix/seq=1300,33.087068173
0,sent,prefix/seq=1324,33.100000000
0,sent,prefix/seq=1325,33.125000000
0,sent,prefix/seq=1326,33.150000000
0,received,prefix/seq=1301,33.153874115
0,sent,prefix/seq=1327,33.175000000
0,received,prefix/seq=1304,33.187177262
0,sent,prefix/seq=1328,33.200000000
0,sent,prefix/seq=1329,33.225000000
0,sent,prefix/seq=1330,33.250000000
0,received,prefix/seq=1305,33.253825201
0,received,prefix/seq=1307,33.262441201
0,received,prefix/seq=1309,33.271409201
0,sent,prefix/seq=1331,33.275000000
0,sent,prefix/seq=1332,33.300000000
0,sent,prefix/seq=1333,33.325000000
0,received,prefix/seq=1310,33.337316664
0,sent,prefix/seq=1334,33.350000000
0,received,prefix/seq=1311,33.361992850
0,sent,prefix/seq=1335,33.375000000
0,received,prefix/seq=1312,33.387477752
0,sent,prefix/seq=1336,33.400000000
0,received,prefix/seq=1313,33.412316647
0,received,prefix/seq=1293,33.420924647
0,sent,prefix/seq=1337,33.425000000
0,received,prefix/seq=1314,33.436815525
0,sent,prefix/seq=1338,33.450000000
0,sent,prefix/seq=1339,33.475000000
0,received,prefix/seq=1316,33.487503562
0,sent,prefix/seq=1340,33.500000000
0,received,prefix/seq=1317,33.512246121
0,sent,prefix/seq=1341,33.525000000
0,received,prefix/seq=1298,33.537257290
0,received,prefix/seq=1318,33.545873290
0,sent,prefix/seq=1342,33.550000000
0,received,prefix/seq=1319,33.562396861
0,sent,prefix/seq=1343,33.575000000
0,received,prefix/seq=1320,33.587359914
0,sent,prefix/seq=1344,33.600000000
0,sent,prefix/seq=1345,33.625000000
0,received,prefix/seq=1302,33.637198756
0,sent,prefix/seq=1346,33.650000000
0,received,prefix/seq=1323,33.661954750
0,sent,prefix/seq=1347,33.675000000
0,sent,prefix/seq=1348,33.700000000
0,received,prefix/seq=1325,33.712517641
0,sent,prefix/seq=1349,33.725000000
0,received,prefix/seq=1326,33.736859715
0,sent,prefix/seq=1350,33.750000000
0,received,prefix/seq=1327,33.761817422
0,received,prefix/seq=1329,33.770433422
0,sent,prefix/seq=1351,33.775000000
0,sent,prefix/seq=1352,33.800000000
0,sent,prefix/seq=1353,33.825000000
0,received,prefix/seq=1330,33.837556537
0,sent,prefix/seq=1354,33.850000000
0,sent,prefix/seq=1355,33.875000000
0,received,prefix/seq=1332,33.887409198
0,sent,prefix/seq=1356,33.900000000
0,received,prefix/seq=1331,33.903800466
0,sent,prefix/seq=1357,33.925000000
0,received,prefix/seq=1334,33.937482696
0,sent,prefix/seq=1358,33.950000000
0,received,prefix/seq=1333,33.953761788
0,received,prefix/seq=1335,33.962377788
0,received,prefix/seq=1315,33.970985788
0,sent,prefix/seq=1359,33.975000000
0,sent,prefix/seq=1360,34.000000000
0,sent,prefix/seq=1361,34.025000000
0,received,prefix/seq=1338,34.037521936
0,sent,prefix/seq=1362,34.050000000
0,received,prefix/seq=1337,34.053629536
0,sent,prefix/seq=1363,34.075000000
0,received,prefix/seq=1340,34.087352131
0,sent,prefix/seq=1364,34.100000000
0,received,prefix/seq=1339,34.103796138
0,received,prefix/seq=1321,34.112468766
0,sent,prefix/seq=1365,34.125000000
0,received,prefix/seq=1342,34.137580622
0,sent,prefix/seq=1366,34.150000000
0,sent,prefix/seq=1367,34.175000000
0,sent,prefix/seq=1368,34.200000000
0,received,prefix/seq=1347,34.220512000
0,sent,prefix/seq=1369,34.225000000
0,received,prefix/seq=1344,34.229128000
0,received,prefix/seq=1348,34.245566103
0,sent,prefix/seq=1370,34.250000000
0,sent,prefix/seq=1371,34.275000000
0,sent,prefix/seq=1372,34.300000000
0,received,prefix/seq=1349,34.312349782
0,sent,prefix/seq=1373,34.325000000
0,received,prefix/seq=1350,34.337012997
0,sent,prefix/seq=1374,34.350000000
0,received,prefix/seq=1353,34.370598677
0,sent,prefix/seq=1375,34.375000000
0,sent,prefix/seq=1376,34.400000000
0,received,prefix/seq=1351,34.403758094
0,sent,prefix/seq=1377,34.425000000
0,received,prefix/seq=1354,34.437471117
0,sent,prefix/seq=1378,34.450000000
0,received,prefix/seq=1355,34.461995586
0,sent,prefix/seq=1379,34.475000000
0,received,prefix/seq=1356,34.487074205
0,received,prefix/seq=1336,34.495682205
0,sent,prefix/seq=1380,34.500000000
0,received,prefix/seq=1357,34.512243032
0,sent,prefix/seq=1381,34.525000000
0,sent,prefix/seq=1382,34.550000000
0,sent,prefix/seq=1383,34.575000000
0,received,prefix/seq=1358,34.578567019
0,received,prefix/seq=1360,34.587183019
0,sent,prefix/seq=1384,34.600000000
0,received,prefix/seq=1361,34.611972068
0,received,prefix/seq=1341,34.620580068
0,sent,prefix/seq=1385,34.625000000
0,sent,prefix/seq=1386,34.650000000
0,received,prefix/seq=1343,34.662319017
0,received,prefix/seq=1363,34.670935017
0,sent,prefix/seq=1387,34.675000000
0,sent,prefix/seq=1388,34.700000000
0,received,prefix/seq=1365,34.711940605
0,sent,prefix/seq=1389,34.725000000
0,received,prefix/seq=1368,34.745613165
0,sent,prefix/seq=1390,34.750000000
0,received,prefix/seq=1367,34.761816176
0,sent,prefix/seq=1391,34.775000000
0,sent,prefix/seq=1392,34.800000000
0,received,prefix/seq=1369,34.812247727
0,sent,prefix/seq=1393,34.825000000
0,received,prefix/seq=1370,34.837510872
0,received,prefix/seq=1372,34.846126872
0,sent,prefix/seq=1394,34.850000000
0,sent,prefix/seq=1395,34.875000000
0,sent,prefix/seq=1396,34.900000000
0,received,prefix/seq=1373,34.912154442
0,sent,prefix/seq=1397,34.925000000
0,received,prefix/seq=1374,34.936885742
0,sent,prefix/seq=1398,34.950000000
0,sent,prefix/seq=1399,34.975000000
0,received,prefix/seq=1376,34.987495913
0,sent,prefix/seq=1400,35.000000000
0,received,prefix/seq=1375,35.004194923
0,sent,prefix/seq=1401,35.025000000
0,received,prefix/seq=1378,35.037032727
0,sent,prefix/seq=1402,35.050000000
0,received,prefix/seq=1377,35.054116540
0,received,prefix/seq=1359,35.062724540
0,sent,prefix/seq=1403,35.075000000
0,received,prefix/seq=1380,35.087204890
0,sent,prefix/seq=1404,35.100000000
0,sent,prefix/seq=1405,35.125000000
0,received,prefix/seq=1382,35.136886006
0,received,prefix/seq=1362,35.145494006
0,sent,prefix/seq=1406,35.150000000
0,received,prefix/seq=1381,35.154110006
0,sent,prefix/seq=1407,35.175000000
0,sent,prefix/seq=1408,35.200000000
0,received,prefix/seq=1383,35.203516326
0,sent,prefix/seq=1409,35.225000000
0,received,prefix/seq=1386,35.237153087
0,sent,prefix/seq=1410,35.250000000
0,sent,prefix/seq=1411,35.275000000
0,received,prefix/seq=1388,35.287304989
0,sent,prefix/seq=1412,35.300000000
0,received,prefix/seq=1391,35.320694007
0,sent,prefix/seq=1413,35.325000000
0,received,prefix/seq=1390,35.336994120
0,sent,prefix/seq=1414,35.350000000
0,sent,prefix/seq=1415,35.375000000
0,received,prefix/seq=1392,35.386791194
0,sent,prefix/seq=1416,35.400000000
0,received,prefix/seq=1393,35.412449152
0,sent,prefix/seq=1417,35.425000000
0,sent,prefix/seq=1418,35.450000000
0,sent,prefix/seq=1419,35.475000000
0,received,prefix/seq=1394,35.479139693
0,received,prefix/seq=1396,35.487755693
0,sent,prefix/seq=1420,35.500000000
0,received,prefix/seq=1397,35.512033824
0,sent,prefix/seq=1421,35.525000000
0,received,prefix/seq=1398,35.536857095
0,sent,prefix/seq=1422,35.550000000
0,received,prefix/seq=1399,35.561926526
0,received,prefix/seq=1379,35.570534526
0,sent,prefix/seq=1423,35.575000000
0,received,prefix/seq=1384,35.579142526
0,received,prefix/seq=1400,35.587758526
0,sent,prefix/seq=1424,35.600000000
0,received,prefix/seq=1401,35.612009700
0,sent,prefix/seq=1425,35.625000000
0,sent,prefix/seq=1426,35.650000000
0,received,prefix/seq=1403,35.662396289
0,sent,prefix/seq=1427,35.675000000
0,sent,prefix/seq=1428,35.700000000
0,received,prefix/seq=1405,35.711877574
0,received,prefix/seq=1385,35.720485574
0,sent,prefix/seq=1429,35.725000000
0,sent,prefix/seq=1430,35.750000000
0,received,prefix/seq=1407,35.762402609
0,sent,prefix/seq=1431,35.775000000
0,received,prefix/seq=1408,35.787035868
0,received,prefix/seq=1410,35.795651868
0,sent,prefix/seq=1432,35.800000000
0,sent,prefix/seq=1433,35.825000000
0,sent,prefix/seq=1434,35.850000000
0,received,prefix/seq=1411,35.862342866
0,sent,prefix/seq=1435,35.875000000
0,received,prefix/seq=1412,35.886943781
0,sent,prefix/seq=1436,35.900000000
0,received,prefix/seq=1413,35.911837189
0,sent,prefix/seq=1437,35.925000000
0,sent,prefix/seq=1438,35.950000000
0,received,prefix/seq=1415,35.962587593
0,sent,prefix/seq=1439,35.975000000
0,received,prefix/seq=1416,35.986844315
0,sent,prefix/seq=1440,36.000000000
0,received,prefix/seq=1419,36.020398790
0,sent,prefix/seq=1441,36.025000000
0,sent,prefix/seq=1442,36.050000000
0,received,prefix/seq=1417,36.053920746
0,sent,prefix/seq=1443,36.075000000
0,received,prefix/seq=1420,36.086942322
0,sent,prefix/seq=1444,36.100000000
0,received,prefix/seq=1421,36.112315739
0,sent,prefix/seq=1445,36.125000000
0,received,prefix/seq=1402,36.136930702
0,received,prefix/seq=1422,36.145546702
0,sent,prefix/seq=1446,36.150000000
0,received,prefix/seq=1423,36.162265325
0,sent,prefix/seq=1447,36.175000000
0,received,prefix/seq=1424,36.186880826
0,received,prefix/seq=1404,36.195488826
0,sent,prefix/seq=1448,36.200000000
0,sent,prefix/seq=1449,36.225000000
0,received,prefix/seq=1429,36.228999263
0,sent,prefix/seq=1450,36.250000000
0,sent,prefix/seq=1451,36.275000000
0,received,prefix/seq=1426,36.279138112
0,received,prefix/seq=1430,36.295671860
0,sent,prefix/seq=1452,36.300000000
0,sent,prefix/seq=1453,36.325000000
0,sent,prefix/seq=1454,36.350000000
0,received,prefix/seq=1431,36.362281433
0,sent,prefix/seq=1455,36.375000000
0,sent,prefix/seq=1456,36.400000000
0,sent,prefix/seq=1457,36.425000000
0,received,prefix/seq=1432,36.429245087
0,received,prefix/seq=1434,36.437861087
0,sent,prefix/seq=1458,36.450000000
0,received,prefix/seq=1435,36.462419959
0,sent,prefix/seq=1459,36.475000000
0,received,prefix/seq=1438,36.495162655
0,sent,prefix/seq=1460,36.500000000
0,sent,prefix/seq=1461,36.525000000
0,received,prefix/seq=1436,36.528561545
0,sent,prefix/seq=1462,36.550000000
0,received,prefix/seq=1439,36.562586661
0,sent,prefix/seq=1463,36.575000000
0,received,prefix/seq=1440,36.587503168
0,sent,prefix/seq=1464,36.600000000
0,received,prefix/seq=1425,36.600686979
0,sent,prefix/seq=1465,36.625000000
0,received,prefix/seq=1442,36.636876236
0,sent,prefix/seq=1466,36.650000000
0,received,prefix/seq=1427,36.651318389
0,received,prefix/seq=1441,36.659934389
0,sent,prefix/seq=1467,36.675000000
0,received,prefix/seq=1444,36.686958616
0,sent,prefix/seq=1468,36.700000000
0,received,prefix/seq=1443,36.703984444
0,sent,prefix/seq=1469,36.725000000
0,received,prefix/seq=1446,36.737072643
0,sent,prefix/seq=1470,36.750000000
0,sent,prefix/seq=1471,36.775000000
0,received,prefix/seq=1428,36.786801285
0,received,prefix/seq=1450,36.795417285
0,sent,prefix/seq=1472,36.800000000
0,received,prefix/seq=1449,36.812112740
0,sent,prefix/seq=1473,36.825000000
0,sent,prefix/seq=1474,36.850000000
0,received,prefix/seq=1451,36.862170713
0,sent,prefix/seq=1475,36.875000000
0,sent,prefix/seq=1476,36.900000000
0,received,prefix/seq=1453,36.912578819
0,sent,prefix/seq=1477,36.925000000
0,received,prefix/seq=1454,36.937349692
0,sent,prefix/seq=1478,36.950000000
0,sent,prefix/seq=1479,36.975000000
0,received,prefix/seq=1456,36.987325035
0,sent,prefix/seq=1480,37.000000000
0,received,prefix/seq=1457,37.012306558
0,sent,prefix/seq=1481,37.025000000
0,received,prefix/seq=1458,37.036866794
0,sent,prefix/seq=1482,37.050000000
0,received,prefix/seq=1459,37.062002359
0,sent,prefix/seq=1483,37.075000000
0,sent,prefix/seq=1484,37.100000000
0,received,prefix/seq=1445,37.100928440
0,received,prefix/seq=1461,37.111900884
0,sent,prefix/seq=1485,37.125000000
0,received,prefix/seq=1460,37.129066051
0,sent,prefix/seq=1486,37.150000000
0,sent,prefix/seq=1487,37.175000000
0,received,prefix/seq=1462,37.178552471
0,received,prefix/seq=1464,37.187168471
0,sent,prefix/seq=1488,37.200000000
0,sent,prefix/seq=1489,37.225000000
0,received,prefix/seq=1466,37.237015411
0,sent,prefix/seq=1490,37.250000000
0,received,prefix/seq=1447,37.262090397
0,received,prefix/seq=1467,37.270706397
0,sent,prefix/seq=1491,37.275000000
0,received,prefix/seq=1468,37.287420821
0,sent,prefix/seq=1492,37.300000000
0,sent,prefix/seq=1493,37.325000000
0,received,prefix/seq=1472,37.345861033
0,sent,prefix/seq=1494,37.350000000
0,received,prefix/seq=1469,37.354477033
0,sent,prefix/seq=1495,37.375000000
0,sent,prefix/seq=1496,37.400000000
0,received,prefix/seq=1473,37.411876354
0,sent,prefix/seq=1497,37.425000000
0,sent,prefix/seq=1498,37.450000000
0,sent,prefix/seq=1499,37.475000000
0,received,prefix/seq=1474,37.478928890
0,received,prefix/seq=1476,37.487544890
0,sent,prefix/seq=1500,37.500000000
0,received,prefix/seq=1479,37.520683792
0,sent,prefix/seq=1501,37.525000000
0,sent,prefix/seq=1502,37.550000000
0,received,prefix/seq=1463,37.551129773
0,received,prefix/seq=1477,37.559745773
0,sent,prefix/seq=1503,37.575000000
0,received,prefix/seq=1480,37.587172645
0,sent,prefix/seq=1504,37.600000000
0,received,prefix/seq=1481,37.611969718
0,sent,prefix/seq=1505,37.625000000
0,received,prefix/seq=1482,37.636826010
0,sent,prefix/seq=1506,37.650000000
0,sent,prefix/seq=1507,37.675000000
0,received,prefix/seq=1484,37.687296115
0,sent,prefix/seq=1508,37.700000000
0,received,prefix/seq=1485,37.712150750
0,received,prefix/seq=1465,37.720758750
0,sent,prefix/seq=1509,37.725000000
0,received,prefix/seq=1486,37.736941524
0,sent,prefix/seq=1510,37.750000000
0,received,prefix/seq=1487,37.761878828
0,sent,prefix/seq=1511,37.775000000
0,sent,prefix/seq=1512,37.800000000
0,received,prefix/seq=1489,37.812503216
0,received,prefix/seq=1491,37.821119216
0,sent,prefix/seq=1513,37.825000000
0,received,prefix/seq=1470,37.837239562
0,sent,prefix/seq=1514,37.850000000
0,sent,prefix/seq=1515,37.875000000
0,received,prefix/seq=1492,37.886860128
0,sent,prefix/seq=1516,37.900000000
0,received,prefix/seq=1493,37.912582010
0,sent,prefix/seq=1517,37.925000000
0,sent,prefix/seq=1518,37.950000000
0,sent,prefix/seq=1519,37.975000000
0,received,prefix/seq=1494,37.978496888
0,received,prefix/seq=1496,37.987471512
0,received,prefix/seq=1498,37.996439512
0,sent,prefix/seq=1520,38.000000000
0,sent,prefix/seq=1521,38.025000000
0,sent,prefix/seq=1522,38.050000000
0,received,prefix/seq=1499,38.061928026
0,sent,prefix/seq=1523,38.075000000
0,received,prefix/seq=1500,38.087148396
0,sent,prefix/seq=1524,38.100000000
0,received,prefix/seq=1503,38.120709141
0,sent,prefix/seq=1525,38.125000000
0,received,prefix/seq=1502,38.137570426
0,sent,prefix/seq=1526,38.150000000
0,received,prefix/seq=1483,38.162433288
0,sent,prefix/seq=1527,38.175000000
0,received,prefix/seq=1504,38.186888665
0,sent,prefix/seq=1528,38.200000000
0,received,prefix/seq=1507,38.220697560
0,sent,prefix/seq=1529,38.225000000
0,sent,prefix/seq=1530,38.250000000
0,received,prefix/seq=1505,38.254069914
0,sent,prefix/seq=1531,38.275000000
0,received,prefix/seq=1488,38.287117569
0,received,prefix/seq=1508,38.295733569
0,sent,prefix/seq=1532,38.300000000
0,received,prefix/seq=1509,38.312511193
0,sent,prefix/seq=1533,38.325000000
0,received,prefix/seq=1510,38.337038450
0,sent,prefix/seq=1534,38.350000000
0,sent,prefix/seq=1535,38.375000000
0,received,prefix/seq=1512,38.387522295
0,sent,prefix/seq=1536,38.400000000
0,received,prefix/seq=1513,38.411800908
0,sent,prefix/seq=1537,38.425000000
0,sent,prefix/seq=1538,38.450000000
0,received,prefix/seq=1515,38.462582460
0,sent,prefix/seq=1539,38.475000000
0,received,prefix/seq=1516,38.486904013
0,received,prefix/seq=1518,38.495520013
0,sent,prefix/seq=1540,38.500000000
0,sent,prefix/seq=1541,38.525000000
0,sent,prefix/seq=1542,38.550000000
0,received,prefix/seq=1519,38.562451747
0,sent,prefix/seq=1543,38.575000000
0,sent,prefix/seq=1544,38.600000000
0,received,prefix/seq=1501,38.612021063
0,sent,prefix/seq=1545,38.625000000
0,received,prefix/seq=1520,38.629078794
0,received,prefix/seq=1522,38.637694794
0,sent,prefix/seq=1546,38.650000000
0,received,prefix/seq=1523,38.661805271
0,sent,prefix/seq=1547,38.675000000
0,received,prefix/seq=1524,38.687502955
0,sent,prefix/seq=1548,38.700000000
0,received,prefix/seq=1525,38.712555238
0,sent,prefix/seq=1549,38.725000000
0,received,prefix/seq=1506,38.737398840
0,sent,prefix/seq=1550,38.750000000
0,received,prefix/seq=1527,38.762330818
0,sent,prefix/seq=1551,38.775000000
0,received,prefix/seq=1528,38.786827365
0,sent,prefix/seq=1552,38.800000000
0,received,prefix/seq=1531,38.820844211
0,sent,prefix/seq=1553,38.825000000
0,received,prefix/seq=1530,38.837373039
0,sent,prefix/seq=1554,38.850000000
0,received,prefix/seq=1511,38.862173815
0,sent,prefix/seq=1555,38.875000000
0,received,prefix/seq=1532,38.886821392
0,sent,prefix/seq=1556,38.900000000
0,sent,prefix/seq=1557,38.925000000
0,received,prefix/seq=1534,38.937513065
0,sent,prefix/seq=1558,38.950000000
0,received,prefix/seq=1535,38.962071274
0,received,prefix/seq=1537,38.971039274
0,sent,prefix/seq=1559,38.975000000
0,sent,prefix/seq=1560,39.000000000
0,sent,prefix/seq=1561,39.025000000
0,received,prefix/seq=1538,39.037495492
0,sent,prefix/seq=1562,39.050000000
0,received,prefix/seq=1539,39.061859081
0,sent,prefix/seq=1563,39.075000000
0,sent,prefix/seq=1564,39.100000000
0,sent,prefix/seq=1565,39.125000000
0,received,prefix/seq=1540,39.128845787
0,received,prefix/seq=1542,39.137461787
0,sent,prefix/seq=1566,39.150000000
0,received,prefix/seq=1545,39.170399020
0,sent,prefix/seq=1567,39.175000000
0,sent,prefix/seq=1568,39.200000000
0,received,prefix/seq=1543,39.204160588
0,sent,prefix/seq=1569,39.225000000
0,received,prefix/seq=1546,39.237417115
0,received,prefix/seq=1526,39.246025115
0,sent,prefix/seq=1570,39.250000000
0,received,prefix/seq=1547,39.262205797
0,sent,prefix/seq=1571,39.275000000
0,sent,prefix/seq=1572,39.300000000
0,received,prefix/seq=1529,39.312490497
0,sent,prefix/seq=1573,39.325000000
0,received,prefix/seq=1548,39.329142168
0,received,prefix/seq=1550,39.337758168
0,sent,prefix/seq=1574,39.350000000
0,received,prefix/seq=1551,39.362469961
0,sent,prefix/seq=1575,39.375000000
0,received,prefix/seq=1552,39.387467422
0,sent,prefix/seq=1576,39.400000000
0,received,prefix/seq=1553,39.412269624
0,sent,prefix/seq=1577,39.425000000
0,sent,prefix/seq=1578,39.450000000
0,received,prefix/seq=1557,39.470216625
0,sent,prefix/seq=1579,39.475000000
0,sent,prefix/seq=1580,39.500000000
0,received,prefix/seq=1555,39.503958216
0,sent,prefix/seq=1581,39.525000000
0,received,prefix/seq=1558,39.537350980
0,sent,prefix/seq=1582,39.550000000
0,sent,prefix/seq=1583,39.575000000
0,received,prefix/seq=1560,39.587206505
0,sent,prefix/seq=1584,39.600000000
0,received,prefix/seq=1561,39.611850530
0,sent,prefix/seq=1585,39.625000000
0,received,prefix/seq=1562,39.637283467
0,received,prefix/seq=1564,39.645899467
0,sent,prefix/seq=1586,39.650000000
0,sent,prefix/seq=1587,39.675000000
0,received,prefix/seq=1544,39.686931347
0,sent,prefix/seq=1588,39.700000000
0,received,prefix/seq=1565,39.711889895
0,sent,prefix/seq=1589,39.725000000
0,received,prefix/seq=1566,39.737209965
0,sent,prefix/seq=1590,39.750000000
0,sent,prefix/seq=1591,39.775000000
0,received,prefix/seq=1568,39.786812773
0,sent,prefix/seq=1592,39.800000000
0,received,prefix/seq=1567,39.804201029
0,received,prefix/seq=1549,39.812809029
0,sent,prefix/seq=1593,39.825000000
0,received,prefix/seq=1570,39.837459427
0,sent,prefix/seq=1594,39.850000000
0,sent,prefix/seq=1595,39.875000000
0,received,prefix/seq=1574,39.895700252
0,sent,prefix/seq=1596,39.900000000
0,received,prefix/seq=1573,39.912533811
0,sent,prefix/seq=1597,39.925000000
0,received,prefix/seq=1554,39.937309708
0,received,prefix/seq=1576,39.945925708
0,sent,prefix/seq=1598,39.950000000
0,received,prefix/seq=1575,39.962167128
0,sent,prefix/seq=1599,39.975000000
0,sent,prefix/seq=1600,40.000000000
0,received,prefix/seq=1577,40.012089658
0,sent,prefix/seq=1601,40.025000000
0,sent,prefix/seq=1602,40.050000000
0,received,prefix/seq=1579,40.062073049
0,sent,prefix/seq=1603,40.075000000
0,received,prefix/seq=1580,40.087292278
0,sent,prefix/seq=1604,40.100000000
0,received,prefix/seq=1581,40.112367345
0,received,prefix/seq=1583,40.120983345
0,sent,prefix/seq=1605,40.125000000
0,sent,prefix/seq=1606,40.150000000
0,sent,prefix/seq=1607,40.175000000
0,received,prefix/seq=1584,40.186910075
0,sent,prefix/seq=1608,40.200000000
0,received,prefix/seq=1585,40.212254846
0,sent,prefix/seq=1609,40.225000000
0,sent,prefix/seq=1610,40.250000000
0,sent,prefix/seq=1611,40.275000000
0,received,prefix/seq=1586,40.279132240
0,received,prefix/seq=1588,40.287748240
0,sent,prefix/seq=1612,40.300000000
0,received,prefix/seq=1569,40.312219356
0,received,prefix/seq=1589,40.320835356
0,sent,prefix/seq=1613,40.325000000
0,received,prefix/seq=1590,40.337022404
0,sent,prefix/seq=1614,40.350000000
0,received,prefix/seq=1591,40.361882515
0,received,prefix/seq=1571,40.370490515
0,sent,prefix/seq=1615,40.375000000
0,sent,prefix/seq=1616,40.400000000
0,sent,prefix/seq=1617,40.425000000
0,received,prefix/seq=1594,40.437445495
0,sent,prefix/seq=1618,40.450000000
0,received,prefix/seq=1593,40.453784362
0,sent,prefix/seq=1619,40.475000000
0,received,prefix/seq=1596,40.487180225
0,sent,prefix/seq=1620,40.500000000
0,received,prefix/seq=1597,40.512140962
0,sent,prefix/seq=1621,40.525000000
0,sent,prefix/seq=1622,40.550000000
0,received,prefix/seq=1599,40.561828373
0,sent,prefix/seq=1623,40.575000000
0,received,prefix/seq=1600,40.587282121
0,received,prefix/seq=1602,40.596250121
0,sent,prefix/seq=1624,40.600000000
0,sent,prefix/seq=1625,40.625000000
0,sent,prefix/seq=1626,40.650000000
0,received,prefix/seq=1603,40.662574735
0,sent,prefix/seq=1627,40.675000000
0,received,prefix/seq=1604,40.687306893
0,sent,prefix/seq=1628,40.700000000
0,received,prefix/seq=1605,40.712218283
0,sent,prefix/seq=1629,40.725000000
0,sent,prefix/seq=1630,40.750000000
0,received,prefix/seq=1587,40.762316780
0,received,prefix/seq=1607,40.770932780
0,sent,prefix/seq=1631,40.775000000
0,received,prefix/seq=1608,40.786814940
0,sent,prefix/seq=1632,40.800000000
0,received,prefix/seq=1611,40.820527401
0,sent,prefix/seq=1633,40.825000000
0,sent,prefix/seq=1634,40.850000000
0,received,prefix/seq=1609,40.853830760
0,sent,prefix/seq=1635,40.875000000
0,received,prefix/seq=1592,40.887024545
0,received,prefix/seq=1612,40.895640545
0,sent,prefix/seq=1636,40.900000000
0,received,prefix/seq=1613,40.912526739
0,sent,prefix/seq=1637,40.925000000
0,sent,prefix/seq=1638,40.950000000
0,received,prefix/seq=1615,40.962205302
0,received,prefix/seq=1595,40.970813302
0,sent,prefix/seq=1639,40.975000000
0,received,prefix/seq=1617,40.979429302
0,sent,prefix/seq=1640,41.000000000
0,sent,prefix/seq=1641,41.025000000
0,received,prefix/seq=1618,41.036793281
0,sent,prefix/seq=1642,41.050000000
0,received,prefix/seq=1619,41.062327377
0,sent,prefix/seq=1643,41.075000000
0,received,prefix/seq=1622,41.095804187
0,sent,prefix/seq=1644,41.100000000
0,sent,prefix/seq=1645,41.125000000
0,received,prefix/seq=1620,41.128639596
0,sent,prefix/seq=1646,41.150000000
0,received,prefix/seq=1623,41.162080157
0,sent,prefix/seq=1647,41.175000000
0,received,prefix/seq=1624,41.187321736
0,sent,prefix/seq=1648,41.200000000
0,sent,prefix/seq=1649,41.225000000
0,received,prefix/seq=1626,41.237227849
0,sent,prefix/seq=1650,41.250000000
0,received,prefix/seq=1627,41.262314561
0,sent,prefix/seq=1651,41.275000000
0,sent,prefix/seq=1652,41.300000000
0,received,prefix/seq=1629,41.312488394
0,sent,prefix/seq=1653,41.325000000
0,received,prefix/seq=1628,41.329082918
0,received,prefix/seq=1610,41.337690918
0,sent,prefix/seq=1654,41.350000000
0,received,prefix/seq=1631,41.362273746
0,sent,prefix/seq=1655,41.375000000
0,received,prefix/seq=1632,41.387367444
0,sent,prefix/seq=1656,41.400000000
0,sent,prefix/seq=1657,41.425000000
0,received,prefix/seq=1634,41.436826708
0,received,prefix/seq=1614,41.445434708
0,sent,prefix/seq=1658,41.450000000
0,received,prefix/seq=1633,41.454050708
0,sent,prefix/seq=1659,41.475000000
0,received,prefix/seq=1636,41.486930603
0,sent,prefix/seq=1660,41.500000000
0,sent,prefix/seq=1661,41.525000000
0,received,prefix/seq=1638,41.537394551
0,sent,prefix/seq=1662,41.550000000
0,received,prefix/seq=1641,41.570565251
0,sent,prefix/seq=1663,41.575000000
0,sent,prefix/seq=1664,41.600000000
0,received,prefix/seq=1639,41.604116163
0,sent,prefix/seq=1665,41.625000000
0,received,prefix/seq=1642,41.637252714
0,sent,prefix/seq=1666,41.650000000
0,received,prefix/seq=1643,41.662476436
0,sent,prefix/seq=1667,41.675000000
0,sent,prefix/seq=1668,41.700000000
0,received,prefix/seq=1645,41.711808012
0,sent,prefix/seq=1669,41.725000000
0,received,prefix/seq=1646,41.736889795
0,sent,prefix/seq=1670,41.750000000
0,sent,prefix/seq=1671,41.775000000
0,sent,prefix/seq=1672,41.800000000
0,received,prefix/seq=1647,41.803749171
0,received,prefix/seq=1649,41.812521036
0,sent,prefix/seq=1673,41.825000000
0,received,prefix/seq=1630,41.836820257
0,received,prefix/seq=1650,41.845436257
0,sent,prefix/seq=1674,41.850000000
0,received,prefix/seq=1651,41.861973622
0,sent,prefix/seq=1675,41.875000000
0,sent,prefix/seq=1676,41.900000000
0,sent,prefix/seq=1677,41.925000000
0,received,prefix/seq=1652,41.928805005
0,received,prefix/seq=1654,41.937421005
0,sent,prefix/seq=1678,41.950000000
0,received,prefix/seq=1655,41.961877716
0,received,prefix/seq=1635,41.970485716
0,sent,prefix/seq=1679,41.975000000
0,sent,prefix/seq=1680,42.000000000
0,received,prefix/seq=1637,42.011777635
0,received,prefix/seq=1657,42.020393635
0,sent,prefix/seq=1681,42.025000000
0,received,prefix/seq=1658,42.037169873
0,received,prefix/seq=1660,42.045785873
0,sent,prefix/seq=1682,42.050000000
0,sent,prefix/seq=1683,42.075000000
0,sent,prefix/seq=1684,42.100000000
0,received,prefix/seq=1661,42.112301605
0,sent,prefix/seq=1685,42.125000000
0,received,prefix/seq=1662,42.136896434
0,sent,prefix/seq=1686,42.150000000
0,sent,prefix/seq=1687,42.175000000
0,received,prefix/seq=1664,42.187093535
0,sent,prefix/seq=1688,42.200000000
0,received,prefix/seq=1665,42.212201999
0,sent,prefix/seq=1689,42.225000000
0,sent,prefix/seq=1690,42.250000000
0,sent,prefix/seq=1691,42.275000000
0,received,prefix/seq=1666,42.278619357
0,received,prefix/seq=1668,42.287579281
0,sent,prefix/seq=1692,42.300000000
0,received,prefix/seq=1669,42.311981442
0,sent,prefix/seq=1693,42.325000000
0,sent,prefix/seq=1694,42.350000000
0,received,prefix/seq=1671,42.361817990
0,sent,prefix/seq=1695,42.375000000
0,received,prefix/seq=1670,42.379067839
0,sent,prefix/seq=1696,42.400000000
0,received,prefix/seq=1653,42.412322618
0,sent,prefix/seq=1697,42.425000000
0,received,prefix/seq=1672,42.428467925
0,received,prefix/seq=1674,42.437083925
0,sent,prefix/seq=1698,42.450000000
0,sent,prefix/seq=1699,42.475000000
0,received,prefix/seq=1676,42.487405271
0,received,prefix/seq=1656,42.496013271
0,sent,prefix/seq=1700,42.500000000
0,received,prefix/seq=1675,42.504629271
0,sent,prefix/seq=1701,42.525000000
0,received,prefix/seq=1680,42.545628887
0,sent,prefix/seq=1702,42.550000000
0,received,prefix/seq=1677,42.554244887
0,sent,prefix/seq=1703,42.575000000
0,sent,prefix/seq=1704,42.600000000
0,received,prefix/seq=1681,42.612174318
0,sent,prefix/seq=1705,42.625000000
0,sent,prefix/seq=1706,42.650000000
0,received,prefix/seq=1683,42.661788212
0,sent,prefix/seq=1707,42.675000000
0,received,prefix/seq=1684,42.687228590
0,sent,prefix/seq=1708,42.700000000
0,sent,prefix/seq=1709,42.725000000
0,sent,prefix/seq=1710,42.750000000
0,received,prefix/seq=1685,42.753881519
0,received,prefix/seq=1687,42.762497519
0,sent,prefix/seq=1711,42.775000000
0,received,prefix/seq=1688,42.787578929
0,sent,prefix/seq=1712,42.800000000
0,sent,prefix/seq=1713,42.825000000
0,received,prefix/seq=1690,42.836973470
0,sent,prefix/seq=1714,42.850000000
0,received,prefix/seq=1691,42.862164736
0,sent,prefix/seq=1715,42.875000000
0,received,prefix/seq=1692,42.886868645
0,sent,prefix/seq=1716,42.900000000
0,received,prefix/seq=1693,42.911917017
0,received,prefix/seq=1673,42.920525017
0,sent,prefix/seq=1717,42.925000000
0,received,prefix/seq=1678,42.929133017
0,received,prefix/seq=1694,42.937749017
0,sent,prefix/seq=1718,42.950000000
0,received,prefix/seq=1697,42.970285430
0,sent,prefix/seq=1719,42.975000000
0,sent,prefix/seq=1720,43.000000000
0,received,prefix/seq=1695,43.003917184
0,received,prefix/seq=1699,43.020233169
0,sent,prefix/seq=1721,43.025000000
0,sent,prefix/seq=1722,43.050000000
0,received,prefix/seq=1679,43.062269708
0,sent,prefix/seq=1723,43.075000000
0,received,prefix/seq=1700,43.087366095
0,sent,prefix/seq=1724,43.100000000
0,received,prefix/seq=1701,43.112523642
0,sent,prefix/seq=1725,43.125000000
0,sent,prefix/seq=1726,43.150000000
0,received,prefix/seq=1703,43.161891117
0,sent,prefix/seq=1727,43.175000000
0,sent,prefix/seq=1728,43.200000000
0,sent,prefix/seq=1729,43.225000000
0,received,prefix/seq=1704,43.229226204
0,received,prefix/seq=1706,43.237842204
0,sent,prefix/seq=1730,43.250000000
0,received,prefix/seq=1707,43.261921107
0,sent,prefix/seq=1731,43.275000000
0,sent,prefix/seq=1732,43.300000000
0,received,prefix/seq=1709,43.312572796
0,sent,prefix/seq=1733,43.325000000
0,received,prefix/seq=1710,43.337292590
0,sent,prefix/seq=1734,43.350000000
0,sent,prefix/seq=1735,43.375000000
0,received,prefix/seq=1712,43.387392607
0,sent,prefix/seq=1736,43.400000000
0,received,prefix/seq=1711,43.403631398
0,received,prefix/seq=1713,43.412247398
0,sent,prefix/seq=1737,43.425000000
0,sent,prefix/seq=1738,43.450000000
0,received,prefix/seq=1715,43.461877130
0,sent,prefix/seq=1739,43.475000000
0,received,prefix/seq=1714,43.479118941
0,received,prefix/seq=1696,43.487726941
0,sent,prefix/seq=1740,43.500000000
0,received,prefix/seq=1717,43.512159828
0,sent,prefix/seq=1741,43.525000000
0,received,prefix/seq=1718,43.537263449
0,received,prefix/seq=1698,43.545871449
0,sent,prefix/seq=1742,43.550000000
0,sent,prefix/seq=1743,43.575000000
0,received,prefix/seq=1720,43.586800419
0,sent,prefix/seq=1744,43.600000000
0,received,prefix/seq=1721,43.611890301
0,sent,prefix/seq=1745,43.625000000
0,sent,prefix/seq=1746,43.650000000
0,received,prefix/seq=1723,43.661791348
0,sent,prefix/seq=1747,43.675000000
0,sent,prefix/seq=1748,43.700000000
0,sent,prefix/seq=1749,43.725000000
0,received,prefix/seq=1724,43.728742438
0,received,prefix/seq=1726,43.737378350
0,sent,prefix/seq=1750,43.750000000
0,sent,prefix/seq=1751,43.775000000
0,received,prefix/seq=1728,43.786871992
0,sent,prefix/seq=1752,43.800000000
0,received,prefix/seq=1729,43.812204788
0,sent,prefix/seq=1753,43.825000000
0,sent,prefix/seq=1754,43.850000000
0,sent,prefix/seq=1755,43.875000000
0,received,prefix/seq=1716,43.875680458
0,received,prefix/seq=1730,43.884296458
0,received,prefix/seq=1732,43.892912458
0,sent,prefix/seq=1756,43.900000000
0,received,prefix/seq=1733,43.912011088
0,sent,prefix/seq=1757,43.925000000
0,received,prefix/seq=1734,43.937192939
0,sent,prefix/seq=1758,43.950000000
0,received,prefix/seq=1735,43.962105462
0,sent,prefix/seq=1759,43.975000000
0,received,prefix/seq=1736,43.987122924
0,sent,prefix/seq=1760,44.000000000
0,received,prefix/seq=1737,44.011971034
0,sent,prefix/seq=1761,44.025000000
0,sent,prefix/seq=1762,44.050000000
0,received,prefix/seq=1719,44.061791781
0,sent,prefix/seq=1763,44.075000000
0,received,prefix/seq=1738,44.078707771
0,received,prefix/seq=1740,44.087323771
0,sent,prefix/seq=1764,44.100000000
0,sent,prefix/seq=1765,44.125000000
0,received,prefix/seq=1722,44.136977614
0,received,prefix/seq=1742,44.145593614
0,sent,prefix/seq=1766,44.150000000
0,received,prefix/seq=1743,44.161927368
0,sent,prefix/seq=1767,44.175000000
0,sent,prefix/seq=1768,44.200000000
0,received,prefix/seq=1745,44.212294509
0,sent,prefix/seq=1769,44.225000000
0,received,prefix/seq=1746,44.237535879
0,sent,prefix/seq=1770,44.250000000
0,sent,prefix/seq=1771,44.275000000
0,received,prefix/seq=1748,44.287531975
0,sent,prefix/seq=1772,44.300000000
0,sent,prefix/seq=1773,44.325000000
0,sent,prefix/seq=1774,44.350000000
0,received,prefix/seq=1749,44.353483037
0,received,prefix/seq=1751,44.362400153
0,sent,prefix/seq=1775,44.375000000
0,received,prefix/seq=1752,44.386821105
0,sent,prefix/seq=1776,44.400000000
0,received,prefix/seq=1755,44.420629887
0,sent,prefix/seq=1777,44.425000000
0,sent,prefix/seq=1778,44.450000000
0,received,prefix/seq=1739,44.451090930
0,received,prefix/seq=1753,44.459706930
0,received,prefix/seq=1757,44.470317733
0,sent,prefix/seq=1779,44.475000000
0,received,prefix/seq=1756,44.486871720
0,sent,prefix/seq=1780,44.500000000
0,sent,prefix/seq=1781,44.525000000
0,received,prefix/seq=1758,44.537398855
0,sent,prefix/seq=1782,44.550000000
0,received,prefix/seq=1759,44.562085335
0,sent,prefix/seq=1783,44.575000000
0,received,prefix/seq=1760,44.586987748
0,sent,prefix/seq=1784,44.600000000
0,received,prefix/seq=1741,44.611765919
0,received,prefix/seq=1763,44.620405073
0,sent,prefix/seq=1785,44.625000000
0,sent,prefix/seq=1786,44.650000000
0,received,prefix/seq=1761,44.653553293
0,sent,prefix/seq=1787,44.675000000
0,sent,prefix/seq=1788,44.700000000
0,received,prefix/seq=1765,44.712116527
0,sent,prefix/seq=1789,44.725000000
0,sent,prefix/seq=1790,44.750000000
0,sent,prefix/seq=1791,44.775000000
0,received,prefix/seq=1766,44.778484917
0,received,prefix/seq=1768,44.787526502
0,sent,prefix/seq=1792,44.800000000
0,sent,prefix/seq=1793,44.825000000
0,sent,prefix/seq=1794,44.850000000
0,received,prefix/seq=1769,44.854188132
0,received,prefix/seq=1771,44.862804132
0,sent,prefix/seq=1795,44.875000000
0,sent,prefix/seq=1796,44.900000000
0,received,prefix/seq=1773,44.912061426
0,sent,prefix/seq=1797,44.925000000
0,received,prefix/seq=1774,44.936904499
0,received,prefix/seq=1754,44.945512499
0,sent,prefix/seq=1798,44.950000000
0,received,prefix/seq=1776,44.954128499
0,received,prefix/seq=1775,44.962744499
0,sent,prefix/seq=1799,44.975000000
0,sent,prefix/seq=1800,45.000000000
0,received,prefix/seq=1777,45.012059071
0,sent,prefix/seq=1801,45.025000000
0,received,prefix/seq=1778,45.037390735
0,sent,prefix/seq=1802,45.050000000
0,received,prefix/seq=1779,45.062270614
0,sent,prefix/seq=1803,45.075000000
0,sent,prefix/seq=1804,45.100000000
0,received,prefix/seq=1781,45.112097245
0,sent,prefix/seq=1805,45.125000000
0,received,prefix/seq=1762,45.136851685
0,received,prefix/seq=1782,45.145467685
0,sent,prefix/seq=1806,45.150000000
0,received,prefix/seq=1783,45.162142415
0,sent,prefix/seq=1807,45.175000000
0,received,prefix/seq=1764,45.187279414
0,sent,prefix/seq=1808,45.200000000
0,received,prefix/seq=1785,45.212030646
0,sent,prefix/seq=1809,45.225000000
0,sent,prefix/seq=1810,45.250000000
0,received,prefix/seq=1787,45.262175520
0,sent,prefix/seq=1811,45.275000000
0,received,prefix/seq=1788,45.287181555
0,sent,prefix/seq=1812,45.300000000
0,sent,prefix/seq=1813,45.325000000
0,received,prefix/seq=1790,45.337214627
0,sent,prefix/seq=1814,45.350000000
0,received,prefix/seq=1791,45.361884074
0,sent,prefix/seq=1815,45.375000000
0,sent,prefix/seq=1816,45.400000000
0,received,prefix/seq=1793,45.412265276
0,sent,prefix/seq=1817,45.425000000
0,sent,prefix/seq=1818,45.450000000
0,received,prefix/seq=1795,45.462494929
0,sent,prefix/seq=1819,45.475000000
0,received,prefix/seq=1794,45.479077694
0,received,prefix/seq=1796,45.487693694
0,sent,prefix/seq=1820,45.500000000
0,received,prefix/seq=1797,45.511810775
0,sent,prefix/seq=1821,45.525000000
0,received,prefix/seq=1798,45.536793555
0,sent,prefix/seq=1822,45.550000000
0,sent,prefix/seq=1823,45.575000000
0,received,prefix/seq=1800,45.587094515
0,received,prefix/seq=1780,45.595702515
0,sent,prefix/seq=1824,45.600000000
0,received,prefix/seq=1801,45.612308969
0,sent,prefix/seq=1825,45.625000000
0,sent,prefix/seq=1826,45.650000000
0,received,prefix/seq=1803,45.662124765
0,sent,prefix/seq=1827,45.675000000
0,received,prefix/seq=1802,45.678845489
0,received,prefix/seq=1784,45.687453489
0,sent,prefix/seq=1828,45.700000000
0,sent,prefix/seq=1829,45.725000000
0,received,prefix/seq=1804,45.728914138
0,received,prefix/seq=1806,45.737530138
0,sent,prefix/seq=1830,45.750000000
0,sent,prefix/seq=1831,45.775000000
0,sent,prefix/seq=1832,45.800000000
0,received,prefix/seq=1809,45.812228787
0,sent,prefix/seq=1833,45.825000000
0,received,prefix/seq=1810,45.837273293
0,sent,prefix/seq=1834,45.850000000
0,sent,prefix/seq=1835,45.875000000
0,sent,prefix/seq=1836,45.900000000
0,received,prefix/seq=1811,45.904099031
0,received,prefix/seq=1813,45.912715031
0,sent,prefix/seq=1837,45.925000000
0,received,prefix/seq=1816,45.945448312
0,sent,prefix/seq=1838,45.950000000
0,sent,prefix/seq=1839,45.975000000
0,received,prefix/seq=1814,45.978742695
0,sent,prefix/seq=1840,46.000000000
0,received,prefix/seq=1817,46.012110298
0,sent,prefix/seq=1841,46.025000000
0,received,prefix/seq=1818,46.037385273
0,sent,prefix/seq=1842,46.050000000
0,received,prefix/seq=1799,46.061826295
0,received,prefix/seq=1819,46.070442295
0,sent,prefix/seq=1843,46.075000000
0,received,prefix/seq=1820,46.087464713
0,sent,prefix/seq=1844,46.100000000
0,received,prefix/seq=1805,46.100977176
0,sent,prefix/seq=1845,46.125000000
0,received,prefix/seq=1822,46.136988118
0,sent,prefix/seq=1846,46.150000000
0,received,prefix/seq=1821,46.153589556
0,sent,prefix/seq=1847,46.175000000
0,received,prefix/seq=1824,46.187316444
0,sent,prefix/seq=1848,46.200000000
0,sent,prefix/seq=1849,46.225000000
0,received,prefix/seq=1826,46.237148306
0,sent,prefix/seq=1850,46.250000000
0,received,prefix/seq=1827,46.261993720
0,received,prefix/seq=1807,46.270601720
0,sent,prefix/seq=1851,46.275000000
0,sent,prefix/seq=1852,46.300000000
0,received,prefix/seq=1829,46.312237773
0,sent,prefix/seq=1853,46.325000000
0,sent,prefix/seq=1854,46.350000000
0,sent,prefix/seq=1855,46.375000000
0,received,prefix/seq=1830,46.378721902
0,received,prefix/seq=1832,46.387337902
0,sent,prefix/seq=1856,46.400000000
0,received,prefix/seq=1833,46.412260548
0,received,prefix/seq=1835,46.420876548
0,sent,prefix/seq=1857,46.425000000
0,sent,prefix/seq=1858,46.450000000
0,sent,prefix/seq=1859,46.475000000
0,received,prefix/seq=1836,46.487030626
0,sent,prefix/seq=1860,46.500000000
0,received,prefix/seq=1837,46.512567064
0,sent,prefix/seq=1861,46.525000000
0,sent,prefix/seq=1862,46.550000000
0,received,prefix/seq=1839,46.562421448
0,sent,prefix/seq=1863,46.575000000
0,received,prefix/seq=1838,46.579248425
0,sent,prefix/seq=1864,46.600000000
0,received,prefix/seq=1841,46.612241230
0,sent,prefix/seq=1865,46.625000000
0,received,prefix/seq=1840,46.628770495
0,sent,prefix/seq=1866,46.650000000
0,received,prefix/seq=1843,46.661988305
0,received,prefix/seq=1823,46.670596305
0,sent,prefix/seq=1867,46.675000000
0,sent,prefix/seq=1868,46.700000000
0,received,prefix/seq=1845,46.712386523
0,received,prefix/seq=1825,46.720994523
0,sent,prefix/seq=1869,46.725000000
0,received,prefix/seq=1846,46.737473598
0,sent,prefix/seq=1870,46.750000000
0,sent,prefix/seq=1871,46.775000000
0,sent,prefix/seq=1872,46.800000000
0,received,prefix/seq=1847,46.803685159
0,received,prefix/seq=1849,46.812301159
0,sent,prefix/seq=1873,46.825000000
0,sent,prefix/seq=1874,46.850000000
0,sent,prefix/seq=1875,46.875000000
0,received,prefix/seq=1850,46.879012138
0,received,prefix/seq=1852,46.887628138
0,received,prefix/seq=1854,46.896596138
0,sent,prefix/seq=1876,46.900000000
0,sent,prefix/seq=1877,46.925000000
0,sent,prefix/seq=1878,46.950000000
0,received,prefix/seq=1855,46.962302944
0,sent,prefix/seq=1879,46.975000000
0,received,prefix/seq=1856,46.987497392
0,sent,prefix/seq=1880,47.000000000
0,sent,prefix/seq=1881,47.025000000
0,received,prefix/seq=1842,47.025810625
0,sent,prefix/seq=1882,47.050000000
0,received,prefix/seq=1857,47.053560455
0,received,prefix/seq=1859,47.062503062
0,sent,prefix/seq=1883,47.075000000
0,received,prefix/seq=1860,47.086961624
0,sent,prefix/seq=1884,47.100000000
0,received,prefix/seq=1861,47.112422233
0,sent,prefix/seq=1885,47.125000000
0,received,prefix/seq=1862,47.137329807
0,sent,prefix/seq=1886,47.150000000
0,received,prefix/seq=1863,47.162321931
0,sent,prefix/seq=1887,47.175000000
0,received,prefix/seq=1864,47.186827953
0,received,prefix/seq=1844,47.195435953
0,sent,prefix/seq=1888,47.200000000
0,sent,prefix/seq=1889,47.225000000
0,sent,prefix/seq=1890,47.250000000
0,received,prefix/seq=1865,47.253646247
0,sent,prefix/seq=1891,47.275000000
0,received,prefix/seq=1848,47.287274381
0,received,prefix/seq=1868,47.295890381
0,sent,prefix/seq=1892,47.300000000
0,received,prefix/seq=1869,47.312061956
0,sent,prefix/seq=1893,47.325000000
0,sent,prefix/seq=1894,47.350000000
0,received,prefix/seq=1871,47.362250910
0,sent,prefix/seq=1895,47.375000000
0,received,prefix/seq=1872,47.387431193
0,sent,prefix/seq=1896,47.400000000
0,received,prefix/seq=1875,47.420389048
0,sent,prefix/seq=1897,47.425000000
0,sent,prefix/seq=1898,47.450000000
0,sent,prefix/seq=1899,47.475000000
0,received,prefix/seq=1876,47.487084358
0,sent,prefix/seq=1900,47.500000000
0,received,prefix/seq=1877,47.511947021
0,sent,prefix/seq=1901,47.525000000
0,received,prefix/seq=1878,47.537508945
0,sent,prefix/seq=1902,47.550000000
0,received,prefix/seq=1879,47.562242094
0,sent,prefix/seq=1903,47.575000000
0,sent,prefix/seq=1904,47.600000000
0,received,prefix/seq=1881,47.612095073
0,sent,prefix/seq=1905,47.625000000
0,received,prefix/seq=1866,47.625654055
0,received,prefix/seq=1882,47.637040617
0,sent,prefix/seq=1906,47.650000000
0,received,prefix/seq=1883,47.662032925
0,sent,prefix/seq=1907,47.675000000
0,received,prefix/seq=1884,47.687325565
0,sent,prefix/seq=1908,47.700000000
0,received,prefix/seq=1885,47.712550998
0,sent,prefix/seq=1909,47.725000000
0,received,prefix/seq=1886,47.737206551
0,sent,prefix/seq=1910,47.750000000
0,received,prefix/seq=1867,47.761984284
0,received,prefix/seq=1887,47.770600284
0,sent,prefix/seq=1911,47.775000000
0,sent,prefix/seq=1912,47.800000000
0,sent,prefix/seq=1913,47.825000000
0,sent,prefix/seq=1914,47.850000000
0,received,prefix/seq=1889,47.853844118
0,received,prefix/seq=1891,47.862493069
0,sent,prefix/seq=1915,47.875000000
0,received,prefix/seq=1894,47.895846375
0,sent,prefix/seq=1916,47.900000000
0,sent,prefix/seq=1917,47.925000000
0,received,prefix/seq=1892,47.928949907
0,sent,prefix/seq=1918,47.950000000
0,received,prefix/seq=1895,47.961866693
0,sent,prefix/seq=1919,47.975000000
0,sent,prefix/seq=1920,48.000000000
0,received,prefix/seq=1899,48.020588182
0,sent,prefix/seq=1921,48.025000000
0,sent,prefix/seq=1922,48.050000000
0,received,prefix/seq=1897,48.053784140
0,sent,prefix/seq=1923,48.075000000
0,received,prefix/seq=1880,48.087123327
0,received,prefix/seq=1900,48.095739327
0,sent,prefix/seq=1924,48.100000000
0,received,prefix/seq=1901,48.112157426
0,sent,prefix/seq=1925,48.125000000
0,sent,prefix/seq=1926,48.150000000
0,received,prefix/seq=1903,48.162401790
0,sent,prefix/seq=1927,48.175000000
0,received,prefix/seq=1902,48.179113096
0,sent,prefix/seq=1928,48.200000000
0,received,prefix/seq=1905,48.212310559
0,sent,prefix/seq=1929,48.225000000
0,received,prefix/seq=1906,48.236875746
0,received,prefix/seq=1908,48.245491746
0,sent,prefix/seq=1930,48.250000000
0,received,prefix/seq=1907,48.262040620
0,sent,prefix/seq=1931,48.275000000
0,received,prefix/seq=1888,48.287559677
0,sent,prefix/seq=1932,48.300000000
0,received,prefix/seq=1909,48.312143461
0,sent,prefix/seq=1933,48.325000000
0,received,prefix/seq=1890,48.336773980
0,sent,prefix/seq=1934,48.350000000
0,received,prefix/seq=1911,48.362312772
0,received,prefix/seq=1913,48.370928772
0,sent,prefix/seq=1935,48.375000000
0,sent,prefix/seq=1936,48.400000000
0,sent,prefix/seq=1937,48.425000000
0,received,prefix/seq=1914,48.436991072
0,sent,prefix/seq=1938,48.450000000
0,sent,prefix/seq=1939,48.475000000
0,received,prefix/seq=1916,48.486872099
0,sent,prefix/seq=1940,48.500000000
0,received,prefix/seq=1917,48.512371479
0,sent,prefix/seq=1941,48.525000000
0,sent,prefix/seq=1942,48.550000000
0,sent,prefix/seq=1943,48.575000000
0,received,prefix/seq=1918,48.578910356
0,received,prefix/seq=1920,48.587526356
0,sent,prefix/seq=1944,48.600000000
0,sent,prefix/seq=1945,48.625000000
0,received,prefix/seq=1922,48.637206687
0,sent,prefix/seq=1946,48.650000000
0,received,prefix/seq=1921,48.653775710
0,sent,prefix/seq=1947,48.675000000
0,received,prefix/seq=1904,48.687353710
0,received,prefix/seq=1924,48.695969710
0,sent,prefix/seq=1948,48.700000000
0,received,prefix/seq=1925,48.712202364
0,sent,prefix/seq=1949,48.725000000
0,sent,prefix/seq=1950,48.750000000
0,received,prefix/seq=1927,48.762414061
0,sent,prefix/seq=1951,48.775000000
0,received,prefix/seq=1926,48.778791693
0,received,prefix/seq=1928,48.787407693
0,sent,prefix/seq=1952,48.800000000
0,received,prefix/seq=1929,48.811820266
0,sent,prefix/seq=1953,48.825000000
0,received,prefix/seq=1910,48.837312978
0,received,prefix/seq=1930,48.845928978
0,sent,prefix/seq=1954,48.850000000
0,sent,prefix/seq=1955,48.875000000
0,received,prefix/seq=1932,48.887149739
0,sent,prefix/seq=1956,48.900000000
0,sent,prefix/seq=1957,48.925000000
0,received,prefix/seq=1934,48.936998751
0,sent,prefix/seq=1958,48.950000000
0,sent,prefix/seq=1959,48.975000000
0,received,prefix/seq=1936,48.987519165
0,sent,prefix/seq=1960,49.000000000
0,received,prefix/seq=1937,49.011864381
0,sent,prefix/seq=1961,49.025000000
0,sent,prefix/seq=1962,49.050000000
0,received,prefix/seq=1939,49.061812541
0,sent,prefix/seq=1963,49.075000000
0,received,prefix/seq=1940,49.087308875
0,sent,prefix/seq=1964,49.100000000
0,sent,prefix/seq=1965,49.125000000
0,received,prefix/seq=1942,49.137386940
0,sent,prefix/seq=1966,49.150000000
0,received,prefix/seq=1943,49.161900287
0,received,prefix/seq=1923,49.170508287
0,sent,prefix/seq=1967,49.175000000
0,received,prefix/seq=1944,49.187561495
0,sent,prefix/seq=1968,49.200000000
0,received,prefix/seq=1945,49.211952691
0,sent,prefix/seq=1969,49.225000000
0,received,prefix/seq=1948,49.245810797
0,sent,prefix/seq=1970,49.250000000
0,received,prefix/seq=1931,49.254418797
0,sent,prefix/seq=1971,49.275000000
0,received,prefix/seq=1946,49.278922415
0,sent,prefix/seq=1972,49.300000000
0,received,prefix/seq=1949,49.312532154
0,sent,prefix/seq=1973,49.325000000
0,received,prefix/seq=1950,49.337513544
0,sent,prefix/seq=1974,49.350000000
0,received,prefix/seq=1951,49.362561562
0,sent,prefix/seq=1975,49.375000000
0,received,prefix/seq=1952,49.387315632
0,sent,prefix/seq=1976,49.400000000
0,received,prefix/seq=1933,49.411981952
0,sent,prefix/seq=1977,49.425000000
0,sent,prefix/seq=1978,49.450000000
0,received,prefix/seq=1955,49.462090586
0,received,prefix/seq=1957,49.470706586
0,sent,prefix/seq=1979,49.475000000
0,sent,prefix/seq=1980,49.500000000
0,sent,prefix/seq=1981,49.525000000
0,received,prefix/seq=1958,49.537587920
0,sent,prefix/seq=1982,49.550000000
0,received,prefix/seq=1959,49.562038161
0,sent,prefix/seq=1983,49.575000000
0,sent,prefix/seq=1984,49.600000000
0,sent,prefix/seq=1985,49.625000000
0,received,prefix/seq=1960,49.629119423
0,received,prefix/seq=1962,49.637735423
0,sent,prefix/seq=1986,49.650000000
0,sent,prefix/seq=1987,49.675000000
0,received,prefix/seq=1964,49.687278817
0,sent,prefix/seq=1988,49.700000000
0,received,prefix/seq=1963,49.704041854
0,received,prefix/seq=1967,49.720363253
0,sent,prefix/seq=1989,49.725000000
0,sent,prefix/seq=1990,49.750000000
0,received,prefix/seq=1965,49.754188384
0,received,prefix/seq=1947,49.762796384
0,sent,prefix/seq=1991,49.775000000
0,received,prefix/seq=1968,49.787119844
0,sent,prefix/seq=1992,49.800000000
0,received,prefix/seq=1969,49.811969193
0,sent,prefix/seq=1993,49.825000000
0,sent,prefix/seq=1994,49.850000000
0,received,prefix/seq=1971,49.862330594
0,sent,prefix/seq=1995,49.875000000
0,received,prefix/seq=1972,49.886900358
0,sent,prefix/seq=1996,49.900000000
0,received,prefix/seq=1953,49.912145233
0,received,prefix/seq=1973,49.920761233
0,sent,prefix/seq=1997,49.925000000
0,received,prefix/seq=1974,49.937355135
0,sent,prefix/seq=1998,49.950000000
0,sent,prefix/seq=1999,49.975000000
